0.0 -0.0006933050683468611 1.9346037786072303 1.935990388743924
0.1 -0.004997293420035742 3.5797748639975935 3.589769450837665
0.2 -0.014928549168646832 4.744768229505421 4.774625327842715
0.3 -0.030396847204671396 5.346332935095862 5.407126629505205
0.4 -0.04923260858428469 5.41898406412024 5.517449281288809
0.5 -0.0678325674538014 5.096093106333889 5.231758241241492
0.6 -0.08223535381457836 4.568455817019046 4.732926524648203
0.7 -0.08929565224006941 4.03265410295754 4.211245407437679
0.8 -0.08760126792136469 3.6434727878780864 3.8186753237208158
0.9 -0.07786519072666032 3.4825011125155325 3.638231493968853
1.0 -0.0626925543081771 3.549674501729803 3.6750596103461572
1.1 -0.04581522755754852 3.7776239304167913 3.8692543855318884
1.2 -0.03104394272241473 4.062371788751053 4.124459674195882
1.3 -0.02126186391213647 4.299931646779472 4.342455374603745
1.4 -0.017754691973455916 4.417721253887614 4.453230637834526
1.5 -0.020053903993132227 4.392322049279267 4.432429857265531
1.6 -0.026302490797227573 4.249986824770568 4.302591806365023
1.7 -0.03399109379408083 4.051785407027326 4.119767594615488
1.8 -0.0408073609286419 3.8696936386215635 3.9513083604788473
1.9 -0.045323151207907086 3.7620306386149984 3.8526769410308126
2.0 -0.047314579663566114 3.7559885815145497 3.850617740841682
2.1 -0.04764203563065794 3.8420126693145953 3.937296740575911
2.2 -0.04776578442350354 3.9805950865526976 4.076126655399705
2.3 -0.04908877203252349 4.118052970723195 4.216230514788242
2.4 -0.05236548315342793 4.205304077707632 4.310035044014488
2.5 -0.05738174663504392 4.213226402437102 4.32798989570719
2.6 -0.06300970320364918 4.139856084666821 4.2658754910741195
2.7 -0.0676106497770328 4.007744684170665 4.14296598372473
2.8 -0.06964066200766039 3.853169969554716 3.9924512935700367
2.9 -0.06824840539658328 3.711461812460274 3.8479586232534406
3.0 -0.06366115053384536 3.603692664341306 3.731014965408997
3.1 -0.057229295037510175 3.529180225300088 3.6436388153751085
3.2 -0.05111469610796693 3.4660416344119866 3.5682710266279205
3.3 -0.047724633722161736 3.3792372304231755 3.474686497867499
3.4 -0.049072480888687764 3.2330991850320254 3.331244146809401
3.5 -0.056263422388270756 3.004027988168477 3.1165548329450186
3.6 -0.0692551708760607 2.689211166248676 2.8277215080007974
3.7 -0.08694831846205009 2.308721216262059 2.4826178531861594
3.8 -0.10755216335328699 1.9006085069494398 2.115712833656014
3.9 -0.12908671865950916 1.510838221207142 1.7690116585261604
4.0 -0.14984773808210738 1.1814094034779732 1.481104879642188
4.1 -0.1686884994001075 0.940313488529929 1.277690487330144
4.2 -0.18504799772149505 0.796126232794629 1.1662222282376191
4.3 -0.19875195831058395 0.7383545164105262 1.135858433031694
4.4 -0.20969595486879195 0.7427869975110856 1.1621789072486695
4.5 -0.21755982954329517 0.7796500039427733 1.2147696630293636
4.6 -0.22168612214303096 0.8217792258868968 1.2651514701729587
4.7 -0.22118885916637637 0.850393213965814 1.2927709322985668
4.8 -0.21526714146918347 0.8571722673504765 1.2877065502888434
4.9 -0.2036136199183738 0.8427510950922934 1.249978334929041
5.0 -0.18676201459244046 0.8129143824794087 1.1864384116642896
5.1 -0.16622752128145596 0.7743548473262426 1.1068098898891545
5.2 -0.14435746097616187 0.7316776301045231 1.0203925520568469
5.3 -0.12390574272133836 0.6865562781763184 0.9343677636189951
5.4 -0.10744115141169436 0.6389150151942938 0.8537973180176825
5.5 -0.09676246441096559 0.5891462450492125 0.7826711738711437
5.6 -0.09250054132744179 0.5399969788126384 0.724998061467522
5.7 -0.09403455574413516 0.49699174970358295 0.6850608611918533
5.8 -0.0997529350807137 0.466979723313789 0.6664855934752164
5.9 -0.1075804171774705 0.4552915767410756 0.6704524110960166
6.0 -0.11560709726747259 0.4626959553653467 0.6939101499002919
6.1 -0.12262193892043458 0.4835646519024785 0.7288085297433476
6.2 -0.12838378620319213 0.5062891190368548 0.7630566914432391
6.3 -0.1335480446827097 0.5161656194852278 0.7832617088506472
6.4 -0.1392795211693541 0.49998992010933896 0.7785489624480472
6.5 -0.146684856599967 0.4508487993060426 0.7442185125059766
6.6 -0.15625779307677892 0.371365486239621 0.6838810723931789
6.7 -0.16752751906686955 0.27406385768066815 0.6091188958144073
6.8 -0.17903514331438294 0.17844356170849301 0.5365138483372589
6.9 -0.18865712585871486 0.10549231880338636 0.4828065705208161
7.0 -0.19418145669769266 0.07130357912090579 0.4596664925162911
7.1 -0.19395930885042323 0.08187394405140536 0.4697925617522518
7.2 -0.18742835640393327 0.13086076546735764 0.5057174782752242
7.3 -0.17534258340977668 0.20116295242950838 0.5518481192490617
7.4 -0.15963427011610562 0.26994360762875497 0.5892121478609662
7.5 -0.1429477966320531 0.3155587348950577 0.6014543281591639
7.6 -0.1279851544564235 0.3241872861505263 0.5801575950633733
7.7 -0.11685819622056814 0.29401143627479975 0.527727828715936
7.8 -0.1106356984795083 0.23556749123594767 0.45683888819496427
7.9 -0.10920795018891935 0.16812923630842685 0.38654513668626556
8.0 -0.11148971641414891 0.1132871263898442 0.336266559218142
8.1 -0.11587756231857128 0.08781448126271843 0.319569605899861
8.2 -0.12080300795144153 0.09815379176013993 0.339759807663023
8.3 -0.12520175755355645 0.1383281423852885 0.3887316574924014
8.4 -0.12875628762047084 0.19195732717250957 0.44946990241345125
8.5 -0.13185043183282857 0.23770776053637832 0.5014086242020355
8.6 -0.13527239907538655 0.2563772481252417 0.5269220462760148
8.7 -0.13978441480233228 0.23728316700788912 0.5168519966125537
8.8 -0.14571684205587387 0.18186008886199123 0.473293772973739
8.9 -0.1527304640385803 0.10329868609100534 0.4087596141681659
9.0 -0.15982922061517957 0.022362514482872714 0.3420209557132319
9.1 -0.1656186081875694 -0.039230076328985064 0.29200714004615375
9.2 -0.1687219864127621 -0.06568701482273925 0.27175695800278493
9.3 -0.16821522665750666 -0.052050463078206016 0.28437999023680727
9.4 -0.16393600646734824 -0.00556558848636247 0.322306424448334
9.5 -0.1565673163516768 0.056880474934676246 0.37001510763802986
9.6 -0.14747007385158462 0.11435241241544414 0.40929256011861337
9.7 -0.13832110134165906 0.14862149065685087 0.425263693340169
9.8 -0.1306734638598545 0.1498640601018698 0.41121098782157883
9.9 -0.12557674286418666 0.11947431910605416 0.3706278048344275
