0.0 0.0 0.0 0.0 0.0 0.0 0.0
0.1 0.0 0.0 0.0 0.0 0.0 0.0
0.2 0.0 0.0 0.0 0.0 0.0 0.0
0.3 0.0 0.0 -4.440892098500626e-16 0.0 0.0 0.0
0.4 0.0 0.0 -4.440892098500626e-16 0.0 0.0 0.0
0.5 0.0 0.0 -4.440892098500626e-16 0.0 0.0 -4.440892098500626e-16
0.6 0.0 0.0 0.0 0.0 0.0 0.0
0.7 0.0 0.0 0.0 0.0 0.0 0.0
0.8 0.0 0.0 2.220446049250313e-16 0.0 0.0 0.0
0.9 0.0 0.0 0.0 0.0 0.0 -6.661338147750939e-16
1.0 0.0 0.0 6.661338147750939e-16 0.0 0.0 -4.440892098500626e-16
1.1 0.0 0.0 4.440892098500626e-16 0.0 0.0 4.440892098500626e-16
1.2 0.0 0.0 8.881784197001252e-16 0.0 0.0 0.0
1.3 0.0 0.0 4.440892098500626e-16 0.0 0.0 0.0
1.4 0.0 0.0 8.881784197001252e-16 0.0 0.0 0.0
1.5 0.0 0.0 -4.440892098500626e-16 0.0 0.0 0.0
1.6 0.0 0.0 -4.440892098500626e-16 0.0 0.0 -4.440892098500626e-16
1.7 0.0 0.0 -4.440892098500626e-16 0.0 0.0 0.0
1.8 0.0 0.0 -1.3322676295501878e-15 0.0 0.0 0.0
1.9 0.0 0.0 -4.440892098500626e-16 0.0 0.0 0.0
2.0 0.0 0.0 -6.661338147750939e-16 0.0 0.0 0.0
2.1 0.0 0.0 -2.220446049250313e-16 0.0 0.0 0.0
2.2 0.0 0.0 6.661338147750939e-16 0.0 0.0 0.0
2.3 0.0 0.0 8.881784197001252e-16 0.0 0.0 0.0
2.4 0.0 0.0 0.0 0.0 0.0 -4.440892098500626e-16
2.5 0.0 0.0 0.0 0.0 0.0 -8.881784197001252e-16
2.6 0.0 0.0 0.0 0.0 0.0 -4.440892098500626e-16
2.7 0.0 0.0 0.0 0.0 0.0 -4.440892098500626e-16
2.8 0.0 0.0 0.0 0.0 0.0 0.0
2.9 0.0 0.0 -6.661338147750939e-16 0.0 0.0 -2.220446049250313e-16
3.0 0.0 0.0 -1.1102230246251565e-15 0.0 0.0 4.440892098500626e-16
3.1 0.0 0.0 -2.220446049250313e-16 0.0 0.0 -2.220446049250313e-16
3.2 0.0 0.0 -8.881784197001252e-16 0.0 0.0 -2.220446049250313e-16
3.3 0.0 0.0 -6.661338147750939e-16 0.0 0.0 2.220446049250313e-16
3.4 0.0 0.0 -2.220446049250313e-16 0.0 0.0 0.0
3.5 0.0 0.0 -8.881784197001252e-16 0.0 0.0 2.220446049250313e-16
3.6 0.0 0.0 -1.3322676295501878e-15 0.0 0.0 -2.220446049250313e-16
3.7 0.0 0.0 -2.220446049250313e-16 0.0 0.0 0.0
3.8 0.0 0.0 3.3306690738754696e-16 0.0 0.0 -2.220446049250313e-16
3.9 0.0 0.0 -2.220446049250313e-16 0.0 0.0 -4.440892098500626e-16
4.0 0.0 0.0 1.1102230246251565e-16 0.0 0.0 -7.771561172376096e-16
4.1 0.0 0.0 1.1102230246251565e-16 0.0 0.0 -1.1102230246251565e-16
4.2 0.0 0.0 -3.885780586188048e-16 0.0 0.0 -3.3306690738754696e-16
4.3 0.0 0.0 0.0 0.0 0.0 1.1102230246251565e-16
4.4 0.0 0.0 -5.551115123125783e-16 0.0 0.0 6.661338147750939e-16
4.5 0.0 0.0 1.1102230246251565e-16 0.0 0.0 3.3306690738754696e-16
4.6 0.0 0.0 -3.885780586188048e-16 0.0 0.0 0.0
4.7 0.0 0.0 -7.771561172376096e-16 0.0 0.0 0.0
4.8 0.0 0.0 -6.106226635438361e-16 0.0 0.0 3.3306690738754696e-16
4.9 0.0 0.0 -4.996003610813204e-16 0.0 0.0 -1.1102230246251565e-16
5.0 0.0 0.0 -4.996003610813204e-16 0.0 0.0 -4.440892098500626e-16
5.1 0.0 0.0 0.0 0.0 0.0 -4.440892098500626e-16
5.2 0.0 0.0 1.6653345369377348e-16 0.0 0.0 -5.551115123125783e-16
5.3 0.0 0.0 7.216449660063518e-16 0.0 0.0 -5.551115123125783e-16
5.4 0.0 0.0 2.220446049250313e-16 0.0 0.0 -1.6653345369377348e-16
5.5 0.0 0.0 3.3306690738754696e-16 0.0 0.0 -6.106226635438361e-16
5.6 0.0 0.0 0.0 0.0 0.0 0.0
5.7 0.0 0.0 -8.326672684688674e-17 0.0 0.0 -1.6653345369377348e-16
5.8 0.0 0.0 -1.6653345369377348e-16 0.0 0.0 0.0
5.9 0.0 0.0 -2.220446049250313e-16 0.0 0.0 -2.220446049250313e-16
6.0 0.0 0.0 -3.0531133177191805e-16 0.0 0.0 -2.7755575615628914e-16
6.1 0.0 0.0 -1.6653345369377348e-16 0.0 0.0 -1.1102230246251565e-16
6.2 0.0 0.0 -2.220446049250313e-16 0.0 0.0 -3.885780586188048e-16
6.3 0.0 0.0 -3.885780586188048e-16 0.0 0.0 -1.6653345369377348e-16
6.4 0.0 0.0 -4.996003610813204e-16 0.0 0.0 0.0
6.5 0.0 0.0 -3.885780586188048e-16 0.0 0.0 5.551115123125783e-17
6.6 0.0 0.0 -3.885780586188048e-16 0.0 0.0 1.6653345369377348e-16
6.7 0.0 0.0 -2.7755575615628914e-16 0.0 0.0 1.1102230246251565e-16
6.8 0.0 0.0 -1.6653345369377348e-16 0.0 0.0 -2.220446049250313e-16
6.9 0.0 0.0 -1.5959455978986625e-16 0.0 0.0 -2.220446049250313e-16
7.0 0.0 0.0 -1.5265566588595902e-16 0.0 0.0 -4.163336342344337e-16
7.1 0.0 0.0 6.938893903907228e-18 0.0 0.0 -2.498001805406602e-16
7.2 0.0 0.0 4.163336342344337e-17 0.0 0.0 -3.3306690738754696e-16
7.3 0.0 0.0 4.163336342344337e-17 0.0 0.0 -1.6653345369377348e-16
7.4 0.0 0.0 2.7755575615628914e-16 0.0 0.0 -5.551115123125783e-17
7.5 0.0 0.0 3.608224830031759e-16 0.0 0.0 0.0
7.6 0.0 0.0 2.220446049250313e-16 0.0 0.0 5.551115123125783e-17
7.7 0.0 0.0 4.163336342344337e-16 0.0 0.0 2.220446049250313e-16
7.8 0.0 0.0 2.498001805406602e-16 0.0 0.0 3.0531133177191805e-16
7.9 0.0 0.0 1.8041124150158794e-16 0.0 0.0 1.3877787807814457e-16
8.0 0.0 0.0 1.1102230246251565e-16 0.0 0.0 -2.498001805406602e-16
8.1 0.0 0.0 5.551115123125783e-17 0.0 0.0 -4.440892098500626e-16
8.2 0.0 0.0 -9.71445146547012e-17 0.0 0.0 -5.828670879282072e-16
8.3 0.0 0.0 -1.5265566588595902e-16 0.0 0.0 -8.326672684688674e-16
8.4 0.0 0.0 -2.3592239273284576e-16 0.0 0.0 -4.440892098500626e-16
8.5 0.0 0.0 -2.7755575615628914e-17 0.0 0.0 -3.885780586188048e-16
8.6 0.0 0.0 5.551115123125783e-17 0.0 0.0 -2.7755575615628914e-16
8.7 0.0 0.0 1.942890293094024e-16 0.0 0.0 1.1102230246251565e-16
8.8 0.0 0.0 3.608224830031759e-16 0.0 0.0 1.942890293094024e-16
8.9 0.0 0.0 3.0531133177191805e-16 0.0 0.0 3.0531133177191805e-16
9.0 0.0 0.0 3.0357660829594124e-16 0.0 0.0 3.3306690738754696e-16
9.1 0.0 0.0 1.5612511283791264e-16 0.0 0.0 3.608224830031759e-16
9.2 0.0 0.0 1.0408340855860843e-16 0.0 0.0 4.996003610813204e-16
9.3 0.0 0.0 -1.5265566588595902e-16 0.0 0.0 3.885780586188048e-16
9.4 0.0 0.0 -3.8424124992886277e-16 0.0 0.0 2.7755575615628914e-17
9.5 0.0 0.0 -6.245004513516506e-16 0.0 0.0 1.942890293094024e-16
9.6 0.0 0.0 -6.106226635438361e-16 0.0 0.0 2.7755575615628914e-17
9.7 0.0 0.0 -4.579669976578771e-16 0.0 0.0 0.0
9.8 0.0 0.0 -3.885780586188048e-16 0.0 0.0 1.3877787807814457e-16
9.9 0.0 0.0 -1.457167719820518e-16 0.0 0.0 8.326672684688674e-17
