0.0 0.0 0.0 0.0 0.0 0.0 0.0 0.0 0.0 -5.293955920339377e-23 0.0 0.0 0.0 0.0 0.0 -2.0194839173657902e-28 0.0 0.0 -5.048709793414476e-28 0.0 0.0 0.0 0.0 0.0 0.0 0.0 0.0 0.0 0.0 0.0 0.0
0.1 0.0 0.0 0.0 0.0 0.0 -2.168404344971009e-19 0.0 0.0 -1.0164395367051604e-20 0.0 0.0 9.26442286059391e-23 0.0 0.0 5.169878828456423e-26 0.0 0.0 0.0 0.0 0.0 0.0 0.0 0.0 0.0 0.0 0.0 0.0 0.0 0.0 0.0
0.2 0.0 0.0 0.0 0.0 0.0 -1.734723475976807e-18 0.0 0.0 1.4907779871675686e-19 0.0 0.0 6.352747104407253e-22 0.0 0.0 1.3234889800848443e-23 0.0 0.0 9.926167350636332e-24 0.0 0.0 0.0 0.0 0.0 0.0 0.0 0.0 0.0 0.0 0.0 0.0
0.3 0.0 0.0 0.0 0.0 0.0 -3.469446951953614e-18 0.0 0.0 -1.0842021724855044e-19 0.0 0.0 2.0328790734103208e-20 0.0 0.0 2.6469779601696886e-23 0.0 0.0 1.0587911840678754e-22 0.0 0.0 0.0 0.0 0.0 2.168404344971009e-19 0.0 0.0 0.0 0.0 0.0 0.0
0.4 0.0 0.0 0.0 0.0 0.0 0.0 0.0 0.0 -8.673617379884035e-19 0.0 0.0 5.421010862427522e-20 0.0 0.0 4.235164736271502e-22 0.0 0.0 8.470329472543003e-22 0.0 0.0 0.0 0.0 0.0 0.0 0.0 0.0 0.0 0.0 0.0 0.0
0.5 0.0 0.0 -2.7755575615628914e-17 0.0 0.0 6.938893903907228e-18 0.0 0.0 -3.469446951953614e-18 0.0 0.0 -1.6263032587282567e-19 0.0 0.0 5.082197683525802e-21 0.0 0.0 5.082197683525802e-21 0.0 0.0 -5.421010862427522e-20 0.0 0.0 -8.673617379884035e-19 0.0 0.0 0.0 0.0 0.0 0.0
0.6 0.0 0.0 -2.7755575615628914e-17 0.0 0.0 0.0 0.0 0.0 -3.469446951953614e-18 0.0 0.0 -5.421010862427522e-19 0.0 0.0 -6.776263578034403e-21 0.0 0.0 -6.776263578034403e-21 0.0 0.0 -3.2526065174565133e-19 0.0 0.0 -1.734723475976807e-18 0.0 0.0 0.0 0.0 0.0 0.0
0.7 0.0 0.0 -5.551115123125783e-17 0.0 0.0 1.3877787807814457e-17 0.0 0.0 -1.0408340855860843e-17 0.0 0.0 -1.3010426069826053e-18 0.0 0.0 5.421010862427522e-20 0.0 0.0 -1.3552527156068805e-19 0.0 0.0 -4.336808689942018e-19 0.0 0.0 0.0 0.0 0.0 0.0 0.0 0.0 0.0
0.8 0.0 0.0 -8.326672684688674e-17 0.0 0.0 2.7755575615628914e-17 0.0 0.0 -1.3877787807814457e-17 0.0 0.0 -8.673617379884035e-19 0.0 0.0 -2.710505431213761e-19 0.0 0.0 -2.168404344971009e-19 0.0 0.0 0.0 0.0 0.0 6.938893903907228e-18 0.0 0.0 0.0 0.0 0.0 5.551115123125783e-17
0.9 0.0 0.0 -8.326672684688674e-17 0.0 0.0 2.7755575615628914e-17 0.0 0.0 -2.0816681711721685e-17 0.0 0.0 -5.204170427930421e-18 0.0 0.0 -1.0842021724855044e-18 0.0 0.0 -4.336808689942018e-19 0.0 0.0 -1.734723475976807e-18 0.0 0.0 6.938893903907228e-18 0.0 0.0 0.0 0.0 0.0 5.551115123125783e-17
1.0 0.0 0.0 -5.551115123125783e-17 0.0 0.0 2.7755575615628914e-17 0.0 0.0 -1.3877787807814457e-17 0.0 0.0 -6.938893903907228e-18 0.0 0.0 -8.673617379884035e-19 0.0 0.0 4.336808689942018e-19 0.0 0.0 -3.469446951953614e-18 0.0 0.0 0.0 0.0 0.0 -2.7755575615628914e-17 0.0 0.0 5.551115123125783e-17
1.1 0.0 0.0 -2.7755575615628914e-17 0.0 0.0 2.7755575615628914e-17 0.0 0.0 0.0 0.0 0.0 -1.3877787807814457e-17 0.0 0.0 8.673617379884035e-19 0.0 0.0 0.0 0.0 0.0 0.0 0.0 0.0 -2.7755575615628914e-17 0.0 0.0 -2.7755575615628914e-17 0.0 0.0 2.7755575615628914e-17
1.2 0.0 0.0 0.0 0.0 0.0 2.7755575615628914e-17 0.0 0.0 0.0 0.0 0.0 -1.3877787807814457e-17 0.0 0.0 1.734723475976807e-18 0.0 0.0 0.0 0.0 0.0 -1.3877787807814457e-17 0.0 0.0 -2.7755575615628914e-17 0.0 0.0 2.7755575615628914e-17 0.0 0.0 0.0
1.3 0.0 0.0 2.7755575615628914e-17 0.0 0.0 2.7755575615628914e-17 0.0 0.0 0.0 0.0 0.0 -2.7755575615628914e-17 0.0 0.0 -3.469446951953614e-18 0.0 0.0 0.0 0.0 0.0 -1.3877787807814457e-17 0.0 0.0 -2.7755575615628914e-17 0.0 0.0 5.551115123125783e-17 0.0 0.0 0.0
1.4 0.0 0.0 5.551115123125783e-17 0.0 0.0 2.7755575615628914e-17 0.0 0.0 0.0 0.0 0.0 -2.7755575615628914e-17 0.0 0.0 -1.0408340855860843e-17 0.0 0.0 0.0 0.0 0.0 -1.3877787807814457e-17 0.0 0.0 0.0 0.0 0.0 5.551115123125783e-17 0.0 0.0 0.0
1.5 0.0 0.0 5.551115123125783e-17 0.0 0.0 2.7755575615628914e-17 0.0 0.0 2.7755575615628914e-17 0.0 0.0 -2.7755575615628914e-17 0.0 0.0 -6.938893903907228e-18 0.0 0.0 0.0 0.0 0.0 -1.3877787807814457e-17 0.0 0.0 0.0 0.0 0.0 5.551115123125783e-17 0.0 0.0 0.0
1.6 0.0 0.0 5.551115123125783e-17 0.0 0.0 2.7755575615628914e-17 0.0 0.0 2.7755575615628914e-17 0.0 0.0 -2.7755575615628914e-17 0.0 0.0 0.0 0.0 0.0 -1.3877787807814457e-17 0.0 0.0 2.7755575615628914e-17 0.0 0.0 0.0 0.0 0.0 5.551115123125783e-17 0.0 0.0 0.0
1.7 0.0 0.0 5.551115123125783e-17 0.0 0.0 0.0 0.0 0.0 2.7755575615628914e-17 0.0 0.0 2.7755575615628914e-17 0.0 0.0 0.0 0.0 0.0 -2.7755575615628914e-17 0.0 0.0 5.551115123125783e-17 0.0 0.0 5.551115123125783e-17 0.0 0.0 2.7755575615628914e-17 0.0 0.0 0.0
1.8 0.0 0.0 5.551115123125783e-17 0.0 0.0 0.0 0.0 0.0 2.7755575615628914e-17 0.0 0.0 5.551115123125783e-17 0.0 0.0 0.0 0.0 0.0 -2.7755575615628914e-17 0.0 0.0 5.551115123125783e-17 0.0 0.0 5.551115123125783e-17 0.0 0.0 0.0 0.0 0.0 0.0
1.9 0.0 0.0 2.7755575615628914e-17 0.0 0.0 0.0 0.0 0.0 2.7755575615628914e-17 0.0 0.0 5.551115123125783e-17 0.0 0.0 0.0 0.0 0.0 -2.7755575615628914e-17 0.0 0.0 8.326672684688674e-17 0.0 0.0 5.551115123125783e-17 0.0 0.0 0.0 0.0 0.0 2.7755575615628914e-17
2.0 0.0 0.0 -2.7755575615628914e-17 0.0 0.0 2.7755575615628914e-17 0.0 0.0 2.7755575615628914e-17 0.0 0.0 5.551115123125783e-17 0.0 0.0 0.0 0.0 0.0 -2.7755575615628914e-17 0.0 0.0 8.326672684688674e-17 0.0 0.0 5.551115123125783e-17 0.0 0.0 0.0 0.0 0.0 0.0
2.1 0.0 0.0 -8.326672684688674e-17 0.0 0.0 2.7755575615628914e-17 0.0 0.0 2.7755575615628914e-17 0.0 0.0 5.551115123125783e-17 0.0 0.0 0.0 0.0 0.0 0.0 0.0 0.0 8.326672684688674e-17 0.0 0.0 2.7755575615628914e-17 0.0 0.0 0.0 0.0 0.0 0.0
2.2 0.0 0.0 -8.326672684688674e-17 0.0 0.0 2.7755575615628914e-17 0.0 0.0 2.7755575615628914e-17 0.0 0.0 5.551115123125783e-17 0.0 0.0 0.0 0.0 0.0 5.551115123125783e-17 0.0 0.0 5.551115123125783e-17 0.0 0.0 2.7755575615628914e-17 0.0 0.0 0.0 0.0 0.0 0.0
2.3 0.0 0.0 -5.551115123125783e-17 0.0 0.0 2.7755575615628914e-17 0.0 0.0 2.7755575615628914e-17 0.0 0.0 5.551115123125783e-17 0.0 0.0 0.0 0.0 0.0 5.551115123125783e-17 0.0 0.0 5.551115123125783e-17 0.0 0.0 2.7755575615628914e-17 0.0 0.0 2.7755575615628914e-17 0.0 0.0 2.7755575615628914e-17
2.4 0.0 0.0 -5.551115123125783e-17 0.0 0.0 0.0 0.0 0.0 8.326672684688674e-17 0.0 0.0 5.551115123125783e-17 0.0 0.0 5.551115123125783e-17 0.0 0.0 5.551115123125783e-17 0.0 0.0 5.551115123125783e-17 0.0 0.0 2.7755575615628914e-17 0.0 0.0 2.7755575615628914e-17 0.0 0.0 2.7755575615628914e-17
2.5 0.0 0.0 -5.551115123125783e-17 0.0 0.0 0.0 0.0 0.0 8.326672684688674e-17 0.0 0.0 0.0 0.0 0.0 1.1102230246251565e-16 0.0 0.0 5.551115123125783e-17 0.0 0.0 5.551115123125783e-17 0.0 0.0 2.7755575615628914e-17 0.0 0.0 0.0 0.0 0.0 2.7755575615628914e-17
2.6 0.0 0.0 -5.551115123125783e-17 0.0 0.0 0.0 0.0 0.0 1.1102230246251565e-16 0.0 0.0 0.0 0.0 0.0 1.6653345369377348e-16 0.0 0.0 5.551115123125783e-17 0.0 0.0 5.551115123125783e-17 0.0 0.0 0.0 0.0 0.0 0.0 0.0 0.0 2.7755575615628914e-17
2.7 0.0 0.0 0.0 0.0 0.0 0.0 0.0 0.0 1.1102230246251565e-16 0.0 0.0 0.0 0.0 0.0 1.6653345369377348e-16 0.0 0.0 5.551115123125783e-17 0.0 0.0 1.1102230246251565e-16 0.0 0.0 0.0 0.0 0.0 0.0 0.0 0.0 0.0
2.8 0.0 0.0 5.551115123125783e-17 0.0 0.0 0.0 0.0 0.0 1.1102230246251565e-16 0.0 0.0 0.0 0.0 0.0 1.6653345369377348e-16 0.0 0.0 5.551115123125783e-17 0.0 0.0 1.1102230246251565e-16 0.0 0.0 0.0 0.0 0.0 0.0 0.0 0.0 0.0
2.9 0.0 0.0 1.1102230246251565e-16 0.0 0.0 0.0 0.0 0.0 5.551115123125783e-17 0.0 0.0 0.0 0.0 0.0 1.6653345369377348e-16 0.0 0.0 5.551115123125783e-17 0.0 0.0 5.551115123125783e-17 0.0 0.0 0.0 0.0 0.0 0.0 0.0 0.0 0.0
3.0 0.0 0.0 1.1102230246251565e-16 0.0 0.0 0.0 0.0 0.0 5.551115123125783e-17 0.0 0.0 5.551115123125783e-17 0.0 0.0 1.6653345369377348e-16 0.0 0.0 5.551115123125783e-17 0.0 0.0 5.551115123125783e-17 0.0 0.0 5.551115123125783e-17 0.0 0.0 0.0 0.0 0.0 0.0
3.1 0.0 0.0 1.1102230246251565e-16 0.0 0.0 5.551115123125783e-17 0.0 0.0 0.0 0.0 0.0 5.551115123125783e-17 0.0 0.0 1.6653345369377348e-16 0.0 0.0 5.551115123125783e-17 0.0 0.0 5.551115123125783e-17 0.0 0.0 5.551115123125783e-17 0.0 0.0 5.551115123125783e-17 0.0 0.0 -5.551115123125783e-17
3.2 0.0 0.0 5.551115123125783e-17 0.0 0.0 5.551115123125783e-17 0.0 0.0 0.0 0.0 0.0 1.1102230246251565e-16 0.0 0.0 1.6653345369377348e-16 0.0 0.0 5.551115123125783e-17 0.0 0.0 0.0 0.0 0.0 5.551115123125783e-17 0.0 0.0 5.551115123125783e-17 0.0 0.0 -5.551115123125783e-17
3.3 0.0 0.0 5.551115123125783e-17 0.0 0.0 5.551115123125783e-17 0.0 0.0 0.0 0.0 0.0 1.1102230246251565e-16 0.0 0.0 1.1102230246251565e-16 0.0 0.0 5.551115123125783e-17 0.0 0.0 0.0 0.0 0.0 1.1102230246251565e-16 0.0 0.0 5.551115123125783e-17 0.0 0.0 -5.551115123125783e-17
3.4 0.0 0.0 5.551115123125783e-17 0.0 0.0 5.551115123125783e-17 0.0 0.0 5.551115123125783e-17 0.0 0.0 1.1102230246251565e-16 0.0 0.0 0.0 0.0 0.0 5.551115123125783e-17 0.0 0.0 0.0 0.0 0.0 1.1102230246251565e-16 0.0 0.0 5.551115123125783e-17 0.0 0.0 0.0
3.5 0.0 0.0 5.551115123125783e-17 0.0 0.0 5.551115123125783e-17 0.0 0.0 5.551115123125783e-17 0.0 0.0 5.551115123125783e-17 0.0 0.0 0.0 0.0 0.0 5.551115123125783e-17 0.0 0.0 0.0 0.0 0.0 1.1102230246251565e-16 0.0 0.0 5.551115123125783e-17 0.0 0.0 0.0
3.6 0.0 0.0 0.0 0.0 0.0 5.551115123125783e-17 0.0 0.0 5.551115123125783e-17 0.0 0.0 -5.551115123125783e-17 0.0 0.0 0.0 0.0 0.0 5.551115123125783e-17 0.0 0.0 1.1102230246251565e-16 0.0 0.0 1.1102230246251565e-16 0.0 0.0 0.0 0.0 0.0 5.551115123125783e-17
3.7 0.0 0.0 0.0 0.0 0.0 0.0 0.0 0.0 5.551115123125783e-17 0.0 0.0 -5.551115123125783e-17 0.0 0.0 0.0 0.0 0.0 5.551115123125783e-17 0.0 0.0 1.1102230246251565e-16 0.0 0.0 5.551115123125783e-17 0.0 0.0 -5.551115123125783e-17 0.0 0.0 1.1102230246251565e-16
3.8 0.0 0.0 0.0 0.0 0.0 0.0 0.0 0.0 1.1102230246251565e-16 0.0 0.0 -5.551115123125783e-17 0.0 0.0 0.0 0.0 0.0 0.0 0.0 0.0 1.1102230246251565e-16 0.0 0.0 5.551115123125783e-17 0.0 0.0 -5.551115123125783e-17 0.0 0.0 1.1102230246251565e-16
3.9 0.0 0.0 0.0 0.0 0.0 0.0 0.0 0.0 1.1102230246251565e-16 0.0 0.0 -5.551115123125783e-17 0.0 0.0 0.0 0.0 0.0 0.0 0.0 0.0 1.1102230246251565e-16 0.0 0.0 5.551115123125783e-17 0.0 0.0 0.0 0.0 0.0 1.1102230246251565e-16
4.0 0.0 0.0 0.0 0.0 0.0 0.0 0.0 0.0 0.0 0.0 0.0 0.0 0.0 0.0 0.0 0.0 0.0 0.0 0.0 0.0 1.1102230246251565e-16 0.0 0.0 0.0 0.0 0.0 0.0 0.0 0.0 0.0
4.1 0.0 0.0 0.0 0.0 0.0 0.0 0.0 0.0 0.0 0.0 0.0 5.551115123125783e-17 0.0 0.0 0.0 0.0 0.0 0.0 0.0 0.0 1.1102230246251565e-16 0.0 0.0 0.0 0.0 0.0 5.551115123125783e-17 0.0 0.0 -5.551115123125783e-17
4.2 0.0 0.0 0.0 0.0 0.0 0.0 0.0 0.0 -1.1102230246251565e-16 0.0 0.0 1.1102230246251565e-16 0.0 0.0 0.0 0.0 0.0 5.551115123125783e-17 0.0 0.0 5.551115123125783e-17 0.0 0.0 0.0 0.0 0.0 5.551115123125783e-17 0.0 0.0 -5.551115123125783e-17
4.3 0.0 0.0 0.0 0.0 0.0 0.0 0.0 0.0 -1.6653345369377348e-16 0.0 0.0 1.1102230246251565e-16 0.0 0.0 0.0 0.0 0.0 5.551115123125783e-17 0.0 0.0 0.0 0.0 0.0 0.0 0.0 0.0 5.551115123125783e-17 0.0 0.0 -5.551115123125783e-17
4.4 0.0 0.0 5.551115123125783e-17 0.0 0.0 0.0 0.0 0.0 -1.6653345369377348e-16 0.0 0.0 1.1102230246251565e-16 0.0 0.0 1.1102230246251565e-16 0.0 0.0 5.551115123125783e-17 0.0 0.0 0.0 0.0 0.0 0.0 0.0 0.0 5.551115123125783e-17 0.0 0.0 -5.551115123125783e-17
4.5 0.0 0.0 5.551115123125783e-17 0.0 0.0 0.0 0.0 0.0 -1.1102230246251565e-16 0.0 0.0 5.551115123125783e-17 0.0 0.0 1.1102230246251565e-16 0.0 0.0 5.551115123125783e-17 0.0 0.0 0.0 0.0 0.0 0.0 0.0 0.0 5.551115123125783e-17 0.0 0.0 -5.551115123125783e-17
4.6 0.0 0.0 5.551115123125783e-17 0.0 0.0 0.0 0.0 0.0 -5.551115123125783e-17 0.0 0.0 0.0 0.0 0.0 1.1102230246251565e-16 0.0 0.0 5.551115123125783e-17 0.0 0.0 0.0 0.0 0.0 0.0 0.0 0.0 0.0 0.0 0.0 -5.551115123125783e-17
4.7 0.0 0.0 5.551115123125783e-17 0.0 0.0 0.0 0.0 0.0 -5.551115123125783e-17 0.0 0.0 -1.1102230246251565e-16 0.0 0.0 1.1102230246251565e-16 0.0 0.0 5.551115123125783e-17 0.0 0.0 0.0 0.0 0.0 0.0 0.0 0.0 0.0 0.0 0.0 0.0
4.8 0.0 0.0 0.0 0.0 0.0 0.0 0.0 0.0 0.0 0.0 0.0 -1.1102230246251565e-16 0.0 0.0 1.1102230246251565e-16 0.0 0.0 5.551115123125783e-17 0.0 0.0 0.0 0.0 0.0 0.0 0.0 0.0 0.0 0.0 0.0 5.551115123125783e-17
4.9 0.0 0.0 0.0 0.0 0.0 0.0 0.0 0.0 5.551115123125783e-17 0.0 0.0 -5.551115123125783e-17 0.0 0.0 1.1102230246251565e-16 0.0 0.0 0.0 0.0 0.0 0.0 0.0 0.0 0.0 0.0 0.0 0.0 0.0 0.0 5.551115123125783e-17
5.0 0.0 0.0 0.0 0.0 0.0 5.551115123125783e-17 0.0 0.0 5.551115123125783e-17 0.0 0.0 -5.551115123125783e-17 0.0 0.0 1.1102230246251565e-16 0.0 0.0 0.0 0.0 0.0 0.0 0.0 0.0 0.0 0.0 0.0 0.0 0.0 0.0 5.551115123125783e-17
5.1 0.0 0.0 -5.551115123125783e-17 0.0 0.0 5.551115123125783e-17 0.0 0.0 5.551115123125783e-17 0.0 0.0 0.0 0.0 0.0 5.551115123125783e-17 0.0 0.0 5.551115123125783e-17 0.0 0.0 0.0 0.0 0.0 0.0 0.0 0.0 0.0 0.0 0.0 5.551115123125783e-17
5.2 0.0 0.0 -5.551115123125783e-17 0.0 0.0 1.1102230246251565e-16 0.0 0.0 5.551115123125783e-17 0.0 0.0 5.551115123125783e-17 0.0 0.0 5.551115123125783e-17 0.0 0.0 5.551115123125783e-17 0.0 0.0 0.0 0.0 0.0 0.0 0.0 0.0 0.0 0.0 0.0 5.551115123125783e-17
5.3 0.0 0.0 -5.551115123125783e-17 0.0 0.0 1.1102230246251565e-16 0.0 0.0 5.551115123125783e-17 0.0 0.0 5.551115123125783e-17 0.0 0.0 5.551115123125783e-17 0.0 0.0 5.551115123125783e-17 0.0 0.0 0.0 0.0 0.0 0.0 0.0 0.0 5.551115123125783e-17 0.0 0.0 5.551115123125783e-17
5.4 0.0 0.0 0.0 0.0 0.0 5.551115123125783e-17 0.0 0.0 1.1102230246251565e-16 0.0 0.0 5.551115123125783e-17 0.0 0.0 5.551115123125783e-17 0.0 0.0 5.551115123125783e-17 0.0 0.0 0.0 0.0 0.0 0.0 0.0 0.0 5.551115123125783e-17 0.0 0.0 5.551115123125783e-17
5.5 0.0 0.0 0.0 0.0 0.0 5.551115123125783e-17 0.0 0.0 1.1102230246251565e-16 0.0 0.0 5.551115123125783e-17 0.0 0.0 5.551115123125783e-17 0.0 0.0 5.551115123125783e-17 0.0 0.0 0.0 0.0 0.0 0.0 0.0 0.0 5.551115123125783e-17 0.0 0.0 0.0
5.6 0.0 0.0 0.0 0.0 0.0 5.551115123125783e-17 0.0 0.0 1.1102230246251565e-16 0.0 0.0 5.551115123125783e-17 0.0 0.0 5.551115123125783e-17 0.0 0.0 5.551115123125783e-17 0.0 0.0 0.0 0.0 0.0 0.0 0.0 0.0 0.0 0.0 0.0 0.0
5.7 0.0 0.0 0.0 0.0 0.0 5.551115123125783e-17 0.0 0.0 1.1102230246251565e-16 0.0 0.0 0.0 0.0 0.0 5.551115123125783e-17 0.0 0.0 5.551115123125783e-17 0.0 0.0 0.0 0.0 0.0 5.551115123125783e-17 0.0 0.0 -5.551115123125783e-17 0.0 0.0 0.0
5.8 0.0 0.0 0.0 0.0 0.0 5.551115123125783e-17 0.0 0.0 1.1102230246251565e-16 0.0 0.0 0.0 0.0 0.0 5.551115123125783e-17 0.0 0.0 5.551115123125783e-17 0.0 0.0 0.0 0.0 0.0 5.551115123125783e-17 0.0 0.0 -5.551115123125783e-17 0.0 0.0 0.0
5.9 0.0 0.0 0.0 0.0 0.0 5.551115123125783e-17 0.0 0.0 1.1102230246251565e-16 0.0 0.0 0.0 0.0 0.0 5.551115123125783e-17 0.0 0.0 5.551115123125783e-17 0.0 0.0 5.551115123125783e-17 0.0 0.0 5.551115123125783e-17 0.0 0.0 -5.551115123125783e-17 0.0 0.0 0.0
6.0 0.0 0.0 0.0 0.0 0.0 5.551115123125783e-17 0.0 0.0 1.1102230246251565e-16 0.0 0.0 0.0 0.0 0.0 5.551115123125783e-17 0.0 0.0 5.551115123125783e-17 0.0 0.0 5.551115123125783e-17 0.0 0.0 0.0 0.0 0.0 0.0 0.0 0.0 0.0
6.1 0.0 0.0 0.0 0.0 0.0 5.551115123125783e-17 0.0 0.0 5.551115123125783e-17 0.0 0.0 5.551115123125783e-17 0.0 0.0 5.551115123125783e-17 0.0 0.0 0.0 0.0 0.0 5.551115123125783e-17 0.0 0.0 0.0 0.0 0.0 0.0 0.0 0.0 0.0
6.2 0.0 0.0 5.551115123125783e-17 0.0 0.0 0.0 0.0 0.0 0.0 0.0 0.0 1.1102230246251565e-16 0.0 0.0 5.551115123125783e-17 0.0 0.0 0.0 0.0 0.0 5.551115123125783e-17 0.0 0.0 0.0 0.0 0.0 0.0 0.0 0.0 0.0
6.3 0.0 0.0 5.551115123125783e-17 0.0 0.0 0.0 0.0 0.0 0.0 0.0 0.0 1.1102230246251565e-16 0.0 0.0 5.551115123125783e-17 0.0 0.0 0.0 0.0 0.0 5.551115123125783e-17 0.0 0.0 0.0 0.0 0.0 0.0 0.0 0.0 0.0
6.4 0.0 0.0 5.551115123125783e-17 0.0 0.0 -5.551115123125783e-17 0.0 0.0 0.0 0.0 0.0 5.551115123125783e-17 0.0 0.0 5.551115123125783e-17 0.0 0.0 5.551115123125783e-17 0.0 0.0 0.0 0.0 0.0 0.0 0.0 0.0 0.0 0.0 0.0 0.0
6.5 0.0 0.0 5.551115123125783e-17 0.0 0.0 -5.551115123125783e-17 0.0 0.0 0.0 0.0 0.0 5.551115123125783e-17 0.0 0.0 5.551115123125783e-17 0.0 0.0 5.551115123125783e-17 0.0 0.0 0.0 0.0 0.0 0.0 0.0 0.0 0.0 0.0 0.0 0.0
6.6 0.0 0.0 0.0 0.0 0.0 -5.551115123125783e-17 0.0 0.0 0.0 0.0 0.0 0.0 0.0 0.0 5.551115123125783e-17 0.0 0.0 5.551115123125783e-17 0.0 0.0 -5.551115123125783e-17 0.0 0.0 0.0 0.0 0.0 0.0 0.0 0.0 0.0
6.7 0.0 0.0 0.0 0.0 0.0 -5.551115123125783e-17 0.0 0.0 5.551115123125783e-17 0.0 0.0 0.0 0.0 0.0 5.551115123125783e-17 0.0 0.0 5.551115123125783e-17 0.0 0.0 -5.551115123125783e-17 0.0 0.0 0.0 0.0 0.0 0.0 0.0 0.0 5.551115123125783e-17
6.8 0.0 0.0 0.0 0.0 0.0 -1.1102230246251565e-16 0.0 0.0 5.551115123125783e-17 0.0 0.0 -5.551115123125783e-17 0.0 0.0 5.551115123125783e-17 0.0 0.0 5.551115123125783e-17 0.0 0.0 -5.551115123125783e-17 0.0 0.0 0.0 0.0 0.0 0.0 0.0 0.0 5.551115123125783e-17
6.9 0.0 0.0 0.0 0.0 0.0 -1.1102230246251565e-16 0.0 0.0 5.551115123125783e-17 0.0 0.0 -1.1102230246251565e-16 0.0 0.0 5.551115123125783e-17 0.0 0.0 5.551115123125783e-17 0.0 0.0 0.0 0.0 0.0 0.0 0.0 0.0 0.0 0.0 0.0 5.551115123125783e-17
7.0 0.0 0.0 0.0 0.0 0.0 -1.1102230246251565e-16 0.0 0.0 5.551115123125783e-17 0.0 0.0 -1.1102230246251565e-16 0.0 0.0 5.551115123125783e-17 0.0 0.0 5.551115123125783e-17 0.0 0.0 0.0 0.0 0.0 0.0 0.0 0.0 0.0 0.0 0.0 5.551115123125783e-17
7.1 0.0 0.0 0.0 0.0 0.0 -1.1102230246251565e-16 0.0 0.0 5.551115123125783e-17 0.0 0.0 -5.551115123125783e-17 0.0 0.0 0.0 0.0 0.0 5.551115123125783e-17 0.0 0.0 0.0 0.0 0.0 0.0 0.0 0.0 0.0 0.0 0.0 5.551115123125783e-17
7.2 0.0 0.0 0.0 0.0 0.0 -1.1102230246251565e-16 0.0 0.0 5.551115123125783e-17 0.0 0.0 -5.551115123125783e-17 0.0 0.0 0.0 0.0 0.0 5.551115123125783e-17 0.0 0.0 5.551115123125783e-17 0.0 0.0 0.0 0.0 0.0 0.0 0.0 0.0 0.0
7.3 0.0 0.0 0.0 0.0 0.0 -1.1102230246251565e-16 0.0 0.0 5.551115123125783e-17 0.0 0.0 -5.551115123125783e-17 0.0 0.0 0.0 0.0 0.0 5.551115123125783e-17 0.0 0.0 5.551115123125783e-17 0.0 0.0 0.0 0.0 0.0 0.0 0.0 0.0 -5.551115123125783e-17
7.4 0.0 0.0 0.0 0.0 0.0 -1.1102230246251565e-16 0.0 0.0 5.551115123125783e-17 0.0 0.0 -5.551115123125783e-17 0.0 0.0 0.0 0.0 0.0 5.551115123125783e-17 0.0 0.0 5.551115123125783e-17 0.0 0.0 5.551115123125783e-17 0.0 0.0 5.551115123125783e-17 0.0 0.0 -5.551115123125783e-17
7.5 0.0 0.0 0.0 0.0 0.0 -5.551115123125783e-17 0.0 0.0 0.0 0.0 0.0 -5.551115123125783e-17 0.0 0.0 -5.551115123125783e-17 0.0 0.0 5.551115123125783e-17 0.0 0.0 5.551115123125783e-17 0.0 0.0 5.551115123125783e-17 0.0 0.0 5.551115123125783e-17 0.0 0.0 -5.551115123125783e-17
7.6 0.0 0.0 0.0 0.0 0.0 -5.551115123125783e-17 0.0 0.0 -5.551115123125783e-17 0.0 0.0 -5.551115123125783e-17 0.0 0.0 -5.551115123125783e-17 0.0 0.0 0.0 0.0 0.0 0.0 0.0 0.0 5.551115123125783e-17 0.0 0.0 5.551115123125783e-17 0.0 0.0 -5.551115123125783e-17
7.7 0.0 0.0 0.0 0.0 0.0 0.0 0.0 0.0 -5.551115123125783e-17 0.0 0.0 -5.551115123125783e-17 0.0 0.0 -5.551115123125783e-17 0.0 0.0 0.0 0.0 0.0 0.0 0.0 0.0 5.551115123125783e-17 0.0 0.0 5.551115123125783e-17 0.0 0.0 -5.551115123125783e-17
7.8 0.0 0.0 0.0 0.0 0.0 0.0 0.0 0.0 -1.1102230246251565e-16 0.0 0.0 -5.551115123125783e-17 0.0 0.0 0.0 0.0 0.0 0.0 0.0 0.0 -5.551115123125783e-17 0.0 0.0 5.551115123125783e-17 0.0 0.0 0.0 0.0 0.0 0.0
7.9 0.0 0.0 0.0 0.0 0.0 0.0 0.0 0.0 -1.1102230246251565e-16 0.0 0.0 -5.551115123125783e-17 0.0 0.0 0.0 0.0 0.0 0.0 0.0 0.0 -5.551115123125783e-17 0.0 0.0 5.551115123125783e-17 0.0 0.0 0.0 0.0 0.0 0.0
8.0 0.0 0.0 0.0 0.0 0.0 0.0 0.0 0.0 -5.551115123125783e-17 0.0 0.0 -5.551115123125783e-17 0.0 0.0 0.0 0.0 0.0 0.0 0.0 0.0 -5.551115123125783e-17 0.0 0.0 5.551115123125783e-17 0.0 0.0 -1.1102230246251565e-16 0.0 0.0 5.551115123125783e-17
8.1 0.0 0.0 5.551115123125783e-17 0.0 0.0 0.0 0.0 0.0 0.0 0.0 0.0 -5.551115123125783e-17 0.0 0.0 0.0 0.0 0.0 -5.551115123125783e-17 0.0 0.0 0.0 0.0 0.0 5.551115123125783e-17 0.0 0.0 -1.1102230246251565e-16 0.0 0.0 5.551115123125783e-17
8.2 0.0 0.0 5.551115123125783e-17 0.0 0.0 0.0 0.0 0.0 5.551115123125783e-17 0.0 0.0 -5.551115123125783e-17 0.0 0.0 0.0 0.0 0.0 -1.1102230246251565e-16 0.0 0.0 0.0 0.0 0.0 0.0 0.0 0.0 -1.1102230246251565e-16 0.0 0.0 5.551115123125783e-17
8.3 0.0 0.0 5.551115123125783e-17 0.0 0.0 0.0 0.0 0.0 5.551115123125783e-17 0.0 0.0 0.0 0.0 0.0 -1.1102230246251565e-16 0.0 0.0 -1.6653345369377348e-16 0.0 0.0 0.0 0.0 0.0 0.0 0.0 0.0 -5.551115123125783e-17 0.0 0.0 0.0
8.4 0.0 0.0 0.0 0.0 0.0 0.0 0.0 0.0 5.551115123125783e-17 0.0 0.0 0.0 0.0 0.0 -1.1102230246251565e-16 0.0 0.0 -1.6653345369377348e-16 0.0 0.0 0.0 0.0 0.0 0.0 0.0 0.0 -5.551115123125783e-17 0.0 0.0 -5.551115123125783e-17
8.5 0.0 0.0 0.0 0.0 0.0 0.0 0.0 0.0 5.551115123125783e-17 0.0 0.0 5.551115123125783e-17 0.0 0.0 -1.1102230246251565e-16 0.0 0.0 -1.6653345369377348e-16 0.0 0.0 0.0 0.0 0.0 0.0 0.0 0.0 -5.551115123125783e-17 0.0 0.0 -5.551115123125783e-17
8.6 0.0 0.0 0.0 0.0 0.0 0.0 0.0 0.0 5.551115123125783e-17 0.0 0.0 5.551115123125783e-17 0.0 0.0 -1.1102230246251565e-16 0.0 0.0 -1.6653345369377348e-16 0.0 0.0 0.0 0.0 0.0 0.0 0.0 0.0 -5.551115123125783e-17 0.0 0.0 -5.551115123125783e-17
8.7 0.0 0.0 0.0 0.0 0.0 0.0 0.0 0.0 5.551115123125783e-17 0.0 0.0 0.0 0.0 0.0 -1.1102230246251565e-16 0.0 0.0 -1.1102230246251565e-16 0.0 0.0 0.0 0.0 0.0 0.0 0.0 0.0 -5.551115123125783e-17 0.0 0.0 -5.551115123125783e-17
8.8 0.0 0.0 0.0 0.0 0.0 0.0 0.0 0.0 5.551115123125783e-17 0.0 0.0 0.0 0.0 0.0 -1.1102230246251565e-16 0.0 0.0 -1.1102230246251565e-16 0.0 0.0 0.0 0.0 0.0 0.0 0.0 0.0 -5.551115123125783e-17 0.0 0.0 -5.551115123125783e-17
8.9 0.0 0.0 0.0 0.0 0.0 5.551115123125783e-17 0.0 0.0 0.0 0.0 0.0 0.0 0.0 0.0 -1.1102230246251565e-16 0.0 0.0 -1.1102230246251565e-16 0.0 0.0 -5.551115123125783e-17 0.0 0.0 0.0 0.0 0.0 -5.551115123125783e-17 0.0 0.0 -5.551115123125783e-17
9.0 0.0 0.0 5.551115123125783e-17 0.0 0.0 5.551115123125783e-17 0.0 0.0 0.0 0.0 0.0 0.0 0.0 0.0 -1.1102230246251565e-16 0.0 0.0 -1.1102230246251565e-16 0.0 0.0 -1.1102230246251565e-16 0.0 0.0 0.0 0.0 0.0 -5.551115123125783e-17 0.0 0.0 -5.551115123125783e-17
9.1 0.0 0.0 5.551115123125783e-17 0.0 0.0 5.551115123125783e-17 0.0 0.0 0.0 0.0 0.0 0.0 0.0 0.0 -5.551115123125783e-17 0.0 0.0 -1.1102230246251565e-16 0.0 0.0 -5.551115123125783e-17 0.0 0.0 0.0 0.0 0.0 -5.551115123125783e-17 0.0 0.0 -5.551115123125783e-17
9.2 0.0 0.0 1.1102230246251565e-16 0.0 0.0 1.1102230246251565e-16 0.0 0.0 0.0 0.0 0.0 -5.551115123125783e-17 0.0 0.0 0.0 0.0 0.0 -5.551115123125783e-17 0.0 0.0 -5.551115123125783e-17 0.0 0.0 0.0 0.0 0.0 -5.551115123125783e-17 0.0 0.0 0.0
9.3 0.0 0.0 1.1102230246251565e-16 0.0 0.0 1.1102230246251565e-16 0.0 0.0 0.0 0.0 0.0 -1.6653345369377348e-16 0.0 0.0 0.0 0.0 0.0 -5.551115123125783e-17 0.0 0.0 0.0 0.0 0.0 -5.551115123125783e-17 0.0 0.0 -5.551115123125783e-17 0.0 0.0 0.0
9.4 0.0 0.0 1.1102230246251565e-16 0.0 0.0 1.1102230246251565e-16 0.0 0.0 0.0 0.0 0.0 -2.220446049250313e-16 0.0 0.0 0.0 0.0 0.0 -5.551115123125783e-17 0.0 0.0 0.0 0.0 0.0 -5.551115123125783e-17 0.0 0.0 -5.551115123125783e-17 0.0 0.0 0.0
9.5 0.0 0.0 5.551115123125783e-17 0.0 0.0 1.1102230246251565e-16 0.0 0.0 0.0 0.0 0.0 -2.220446049250313e-16 0.0 0.0 0.0 0.0 0.0 -5.551115123125783e-17 0.0 0.0 0.0 0.0 0.0 -5.551115123125783e-17 0.0 0.0 -5.551115123125783e-17 0.0 0.0 0.0
9.6 0.0 0.0 5.551115123125783e-17 0.0 0.0 1.1102230246251565e-16 0.0 0.0 0.0 0.0 0.0 -2.220446049250313e-16 0.0 0.0 0.0 0.0 0.0 0.0 0.0 0.0 0.0 0.0 0.0 -5.551115123125783e-17 0.0 0.0 -5.551115123125783e-17 0.0 0.0 -5.551115123125783e-17
9.7 0.0 0.0 0.0 0.0 0.0 1.1102230246251565e-16 0.0 0.0 0.0 0.0 0.0 -2.220446049250313e-16 0.0 0.0 -5.551115123125783e-17 0.0 0.0 5.551115123125783e-17 0.0 0.0 0.0 0.0 0.0 -5.551115123125783e-17 0.0 0.0 -5.551115123125783e-17 0.0 0.0 -5.551115123125783e-17
9.8 0.0 0.0 0.0 0.0 0.0 5.551115123125783e-17 0.0 0.0 0.0 0.0 0.0 -1.6653345369377348e-16 0.0 0.0 -1.1102230246251565e-16 0.0 0.0 5.551115123125783e-17 0.0 0.0 0.0 0.0 0.0 -5.551115123125783e-17 0.0 0.0 -5.551115123125783e-17 0.0 0.0 -5.551115123125783e-17
9.9 0.0 0.0 0.0 0.0 0.0 5.551115123125783e-17 0.0 0.0 0.0 0.0 0.0 -1.6653345369377348e-16 0.0 0.0 -1.6653345369377348e-16 0.0 0.0 5.551115123125783e-17 0.0 0.0 0.0 0.0 0.0 0.0 0.0 0.0 -5.551115123125783e-17 0.0 0.0 -5.551115123125783e-17
