-0.09886170126084398
-0.09884815316404737
-0.19391401216740486
-0.19380740780739136
-0.2816253790837877
-0.28127507285606773
-0.35901953419496524
-0.3582203176663511
-0.4238796183102278
-0.42239396351322606
-0.4748865188177148
-0.47247011793253474
-0.5116747421937238
-0.5081024675971316
-0.5348029680630733
-0.529892377014131
-0.5456451861307987
-0.5392750350590949
-0.5462162270642781
-0.5383380946213172
-0.5389517005840686
-0.5295936635107986
-0.5264662000141782
-0.5157284537968818
-0.5113147608236552
-0.4993580096251374
-0.49578093344643115
-0.482809177008263
-0.48171073045137697
-0.4679506546504821
-0.47040569572273705
-0.4560851640338544
-0.4625811827456486
-0.44790930203604906
-0.45838848996143594
-0.4435394004446071
-0.4574926507808854
-0.4425946188087266
-0.45919217502665627
-0.4443228307077803
-0.46256345383570674
-0.447751213469648
-0.46661118277725555
-0.4518421336374373
-0.47040705726258925
-0.4556359549484781
-0.47320190599455003
-0.45836551654111024
-0.4745008771341598
-0.4595317309811935
-0.4740966417118112
-0.4589353630356945
-0.47206111884451435
-0.4566658252362879
-0.46870126479071117
-0.4530530423505274
-0.4644884139417088
-0.44859248375291005
-0.45997309831759514
-0.4438559141766982
-0.4556980028788399
-0.43940107160016534
-0.452120766561091
-0.4356923894876389
-0.44955595605485515
-0.433042304988955
-0.4481421334001151
-0.43157907619938274
-0.4478360284336841
-0.43124291951347116
-0.4484319647444064
-0.4318082518344139
-0.4496013832626122
-0.43292641333029497
-0.4509449647220857
-0.4341808704060148
-0.45204872096405124
-0.4351458071392466
-0.45253557712887316
-0.4354392696020753
-0.4521052962958325
-0.4347635079203531
-0.450557845892407
-0.4329275830806142
-0.4477981023540576
-0.4298502748025507
-0.4438227146193894
-0.42554439642355624
-0.43869258233044844
-0.420086357313997
-0.4324963981598015
-0.4135768477090087
-0.42531181007188207
-0.4060996061841929
-0.4171708682361767
-0.39768526161014445
-0.408035565334352
-0.3882862653220798
-0.39778762154432673
-0.37776712786604894
-0.38623447150441864
-0.3659118346341345
-0.3731310051025704
-0.35244778202264304
-0.3582143347543791
-0.3370832055142374
-0.3412470129559515
-0.31955317856687265
-0.3220629364206587
-0.29966808123792915
-0.30060977819693596
-0.2773580972465291
-0.2769822062198178
-0.2527078062419265
-0.25144128746331584
-0.22597619030570562
-0.2244171635875649
-0.1975991743736308
-0.1964940789704689
-0.1681739139172124
-0.16837888278564475
-0.13842615291233296
-0.14085596224797325
-0.10916384059996928
-0.11473298650221883
-0.08122160644030806
-0.09078270891324848
-0.055401512212527995
-0.06968632813510976
-0.03241567696466122
-0.05198356378297736
-0.012835937280364295
-0.03803374917880596
0.002945233401438727
-0.027991021057916822
0.014739612032674848
-0.021795261382261035
0.022572446271003452
-0.019178989313364047
0.026675990160573922
-0.019689062374160998
0.027468637237336373
-0.022720939445325536
0.025521968142993956
-0.027562454245311892
0.021518741714062522
-0.033443570256263225
0.01620523837150482
-0.03958842089574796
0.010341444633683002
-0.04526603789868552
0.004652407040374172
-0.04983647757612369
-0.00021624703357104916
-0.052789509005832895
-0.003736059482219772
-0.05377358007039806
-0.005524690457506367
-0.05261339210695083
-0.005364511960125704
-0.04931507372946215
-0.003209831859929069
-0.04405864322083229
0.0008176926895839515
-0.03717818501328353
0.0064452711774693515
-0.0291309320277871
0.01327596289538067
-0.020457220763425876
0.020824834442467972
-0.011734029045011763
0.028561952097005495
-0.003525455789803576
0.03595916873887626
0.003666019116581919
0.04253709418117626
0.009443431520463263
0.04790829287354131
0.013550425720110849
0.05181272571871037
0.015894064042515723
0.05414181270480814
0.01655274666665287
0.054948270335689706
0.015767862925531687
0.054440050261376424
0.013919290348743034
0.05295819259792997
0.011486483654294746
0.05094007322084113
0.008998480569270134
0.04887118943800771
