0.004932595147053244
0.004932595147053244
1.863074017319535e-5
1.8630740173195358e-5
-4.7333825173525935e-8
-4.7333825173525935e-8
0.0
0.0
0.0
0.0
0.0
0.0
0.0
0.0
-4.7333825173525935e-8
-4.7333825173525935e-8
1.863268813162589e-5
1.863268813162589e-5
0.004932083399575179
0.004932083399575179
0.019435278302014553
0.019435278302014553
0.00020087800386523502
0.00020087800386523605
9.40827750992376e-7
9.408277509923698e-7
2.1239378955615004e-9
2.1239378955615053e-9
4.070825016767641e-12
4.070825016767649e-12
4.070488751131619e-12
4.0704887511316385e-12
2.1237149123889427e-9
2.1237149123889427e-9
9.407229164579865e-7
9.407229164579865e-7
0.00020083931449995545
0.00020083931449995545
0.01942977896931396
0.01942977896931396
0.04250967159071345
0.04250967159071345
0.0009688329798797395
0.0009688329798797534
1.0102022631482186e-5
1.0102022631482027e-5
5.7858904479001636e-8
5.7858904478999294e-8
2.0634811296646295e-10
2.0634811296646238e-10
2.063172840908795e-10
2.0631728409087975e-10
5.7847617565979464e-8
5.7847617565979464e-8
1.009916807757689e-5
1.009916807757689e-5
0.0009684180374979228
0.0009684180374979228
0.04248321871423084
0.04248321871423084
0.07261395823521494
0.07261395823521499
0.002948985205358755
0.0029489852053587056
5.391195076413613e-5
5.3911950764136365e-5
5.556614266038468e-7
5.556614266038268e-7
3.630733151505555e-9
3.630733151505468e-9
3.62978876673877e-9
3.6297887667387112e-9
5.554632984559079e-7
5.554632984559077e-7
5.388455838516822e-5
5.388455838516822e-5
0.0029467741364560393
0.0029467741364560393
0.0725337321857768
0.0725337321857768
0.10778736634589248
0.10778736634589249
0.0068865328347183525
0.006886532834718345
0.00019666444950690144
0.00019666444950689586
3.1642422479673317e-6
3.164242247967274e-6
3.2674844426145e-8
3.2674844426142775e-8
3.2661468297420374e-8
3.2661468297420374e-8
3.1624648787693825e-6
3.162464878769336e-6
0.00019650862105613395
0.00019650862105613395
0.006878482625116931
0.006878482625116931
0.10760091382043166
0.10760091382043166
0.14582314578500497
0.14582314578500497
0.013534211891876983
0.013534211891876972
0.0005599461803866225
0.0005599461803866243
1.299622876145454e-5
1.2996228761454641e-5
1.944281142216078e-7
1.944281142216029e-7
1.943134514679398e-7
1.9431345146793443e-7
1.2985693811359276e-5
1.2985693811359263e-5
0.0005593069494117547
0.000559306949411762
0.013511345442439612
0.013511345442439612
0.14545889362171777
0.14545889362171777
0.1844586336004384
0.18445863360043843
0.023536004759119968
0.02353600475912015
0.001338074361672025
0.0013380743616720162
4.248701645910205e-5
4.2487016459102325e-5
8.711341486176963e-7
8.711341486176942e-7
8.704372037884767e-7
8.704372037884886e-7
4.244003052648887e-5
4.2440030526488875e-5
0.0013359876594865173
0.001335987659486516
0.023481517038297817
0.023481517038297817
0.1838297844783305
0.1838297844783305
0.22156328341067583
0.22156328341067602
0.037320855317435085
0.03732085531743538
0.002804671647497361
0.0028046716474973577
0.00011721695918603958
0.00011721695918604134
3.1676161258813826e-6
3.167616125881379e-6
3.1643212298660215e-6
3.164321229865997e-6
0.00011704701118580706
0.00011704701118580684
0.002798924482689882
0.002798924482689882
0.03720702705507862
0.03720702705507868
0.22057470650954172
0.22057470650954167
0.255306215880374
0.2553062158803742
0.05502027811283016
0.05502027811283053
0.005306653815480439
0.005306653815480426
0.00028345966934144665
0.0002834596693414462
9.805029511394313e-6
9.805029511393954e-6
9.792185006087063e-6
9.792185006086978e-6
0.0002829367743883788
0.0002829367743883703
0.005292782947673243
0.005292782947673246
0.05480573725449118
0.0548057372544911
0.2538635198588256
0.2538635198588265
0.2842875261704324
0.284287526170433
0.07642073811900801
0.07642073811900767
0.009243740422688468
0.009243740422688431
0.0006166917085069918
0.0006166917085070072
2.66918134238885e-5
2.6691813423889076e-5
2.6648864760941887e-5
2.6648864760941257e-5
0.0006152778783466905
0.000615277878346687
0.009213630173980433
0.009213630173980423
0.07604867614902794
0.0760486761490283
0.2823071831268358
0.2823071831268344
0.30762191542945017
0.30762191542945033
0.10095729050571234
0.10095729050571181
0.015033900627426875
0.01503390062742685
0.0012297568417114935
0.0012297568417114976
6.540718140461887e-5
6.540718140461941e-5
6.528050493344142e-5
6.528050493344122e-5
0.0012263184136666885
0.0012263184136667097
0.014974007404983985
0.01497400740498424
0.10035520586294602
0.10035520586294676
0.30504113599277327
0.3050411359927747
0.32496866634499133
0.32496866634499166
0.12774977575021218
0.1277497757502114
0.023067569564209613
0.02306756956420921
0.002278962718229663
0.0022789627182296995
0.0001467807602988406
0.00014678076029883724
0.00014644431104167277
0.00014644431104167112
0.002271310801427481
0.002271310801427434
0.022956887188100517
0.02295688718810076
0.12683117697255375
0.1268311769725537
0.32175373043113664
0.3217537304311383
0.33650790748479276
0.33650790748479253
0.1556775336444626
0.15567753364446166
0.033655638583340475
0.03365563858334073
0.003966212450459528
0.00396621245045959
0.00030563181920831653
0.0003056318192083104
0.00030481443827011154
0.0003048144382701093
0.0039504252171622045
0.003950425217162198
0.033463612028878285
0.03346361202887805
0.15434580465228362
0.15434580465228379
0.3326598318847353
0.3326598318847357
0.3428688185392176
0.34286881853921714
0.18348381142906314
0.18348381142906298
0.046977785046464146
0.046977785046463945
0.00653542065459346
0.006535420654593473
0.0005965421197444054
0.0005965421197444016
0.0005947034773446223
0.0005947034773446324
0.006504914897411117
0.0065049148974111164
0.046662464202279215
0.04666246420227987
0.18163814995806943
0.18163814995806865
0.33842556753563724
0.3384255675356384
0.34502027396697454
0.3450202739669737
0.20989740101555013
0.20989740101554863
0.06303839321706699
0.06303839321706757
0.010261966644008606
0.010261966644008748
0.0011002912917249157
0.0011002912917249233
0.001096424736966421
0.0010964247369664223
0.010206312956533506
0.010206312956533485
0.06254517490317542
0.06254517490317586
0.20744042947148555
0.20744042947148475
0.340055148967976
0.3400551489679769
0.34413788203862483
0.3441378820386252
0.23375699838635544
0.23375699838635544
0.08163697768401623
0.08163697768401659
0.01543476991138698
0.015434769911386812
0.0019303112178313791
0.0019303112178314142
0.0019226504383604284
0.0019226504383604323
0.015338285979391528
0.015338285979391669
0.08089829746145123
0.08089829746145122
0.23060336063399045
0.2306033606339905
0.33875420338940676
0.3387542033894051
0.3414631064724638
0.3414631064724632
0.2541235742888819
0.2541235742888818
0.10235865195218419
0.10235865195218388
0.022331646101508208
0.022331646101508174
0.0032382573019222906
0.0032382573019222676
0.003223866367575636
0.0032238663675756263
0.022171853233481482
0.022171853233481604
0.10129494612432248
0.10129494612432184
0.250208617013132
0.25020861701313263
0.33578576190790976
0.3357857619079073
0.3381700319819918
0.33817003198199114
0.27036767961633495
0.2703676796163356
0.12458793526417397
0.12458793526417403
0.03118977340152965
0.03118977340152947
0.005217598544752186
0.005217598544752284
0.0051918332483901685
0.005191833248390197
0.030935857119693898
0.030935857119693988
0.12311009437605651
0.12311009437605569
0.26565520953908656
0.2656552095390869
0.3323348510893979
0.3323348510893983
0.33525345138431134
0.3352534513843134
0.2822218459718304
0.2822218459718316
0.14754634113716444
0.14754634113716403
0.042174192794732585
0.04217419279473238
0.008104044502318027
0.00810404450231804
0.008059888075055498
0.008059888075055616
0.0417856611667338
0.04178566116673339
0.14555972474137366
0.14555972474137416
0.27670997692920657
0.27670997692920657
0.3293956242969503
0.3293956242969499
0.3334486142636832
0.33344861426368455
0.2897926448434746
0.289792644843474
0.17035111764044727
0.17035111764044691
0.05534809479906259
0.05534809479906281
0.012171697120437416
0.012171697120437539
0.012098995635445834
0.012098995635445966
0.05477386879051102
0.054773868790510646
0.16776101086387885
0.16776101086387876
0.28351690614651176
0.2835169061465116
0.32769147336343835
0.3276914733634394
0.3331886505127601
0.3331886505127564
0.2935319590531166
0.2935319590531169
0.19208963177105465
0.19208963177105495
0.07064904395763406
0.07064904395763406
0.01772406466688422
0.017724064666884174
0.01760871570738234
0.017608715707382493
0.06982723278375064
0.0698272327837509
0.18880781992134207
0.18880781992134146
0.2865651140639955
0.2865651140639954
0.3276340654865422
0.3276340654865434
0.33460092961768534
0.33460092961768445
0.2941719552044565
0.29417195520445644
0.21190161268364316
0.21190161268364344
0.08787514261985989
0.0878751426198604
0.025079506029682265
0.025079506029681883
0.024902685894252697
0.024902685894252947
0.08673374560569548
0.0867337456056957
0.20785355855664084
0.20785355855664117
0.28662034433554473
0.28662034433554456
0.32932234073699684
0.3293223407369959
0.3375390268356745
0.3375390268356713
0.29263250386896283
0.29263250386896283
0.22906012224072847
0.2290601222407286
0.10668439095660431
0.10668439095660419
0.034551261816859344
0.03455126181685942
0.0342888075305125
0.03428880753051267
0.10514312051681227
0.1051431205168127
0.22419208104985697
0.22419208104985688
0.28462913334828926
0.2846291333482894
0.33257779144140637
0.3325777914414056
0.34164308074434524
0.3416430807443475
0.28991285414916096
0.2899128541491606
0.2430419164971598
0.24304191649715964
0.1266091992446763
0.12660919924467673
0.04642292160985659
0.046422921609856574
0.046045008900169396
0.046045008900169444
0.12458253638132312
0.12458253638132323
0.23732724156315482
0.23732724156315443
0.2816078476142977
0.2816078476142996
0.33700838215208906
0.33700838215208784
0.3464185703978941
0.34641857039789536
0.2869808761571971
0.2869808761571976
0.25357885575596334
0.25357885575596406
0.14708627650126435
0.14708627650126233
0.06092089810486814
0.06092089810486813
0.06039216922366093
0.060392169223660454
0.14448775504975322
0.14448775504975353
0.2470227531750433
0.24702275317504255
0.27853023718627357
0.278530237186274
0.3420906943795395
0.3420906943795398
0.3513221809284964
0.3513221809285001
0.2846729922536875
0.2846729922536875
0.2606841080735767
0.2606841080735763
0.1675001571534528
0.1675001571534542
0.07818613636998445
0.07818613636998344
0.07746642634032361
0.07746642634032352
0.16424773562650288
0.16424773562650205
0.25332619876647333
0.2533261987664734
0.2762268466235265
0.2762268466235263
0.3472585612470253
0.34725856124702653
0.35584354356512676
0.3558435435651289
0.28361610113371066
0.28361610113370983
0.2646498152187544
0.2646498152187544
0.18723668704643975
0.18723668704644017
0.09824778281028249
0.09824778281028246
0.09729356477255835
0.09729356477255802
0.18325892177786599
0.1832589217778664
0.2565640535518102
0.25656405355181017
0.27530766635495496
0.27530766635495485
0.3519866665381011
0.3519866665381023
0.35957312155137255
0.35957312155137344
0.28417963995288514
0.2841796399528843
0.2660162777682282
0.26601627776822817
0.20574114320960757
0.20574114320960757
0.12100178472436332
0.12100178472436353
0.11976840231125073
0.11976840231125026
0.20098374122770232
0.20098374122770202
0.257308039760969
0.2573080397609694
0.27611609371174395
0.27611609371174395
0.35585919835545154
0.3558591983554553
0.3622490941441498
0.3622490941441502
0.2864618745263539
0.2864618745263536
0.2655161272436441
0.26551612724364404
0.2225745611064656
0.2225745611064654
0.1461973203470607
0.1461973203470612
0.14464199848103412
0.14464199848103393
0.21700678445128008
0.2170067844512802
0.25631658918037875
0.2563165891803788
0.2787180711485791
0.2787180711485792
0.35861637803895524
0.3586163780389545
0.3637793713990594
0.36377937139906236
0.29031010310081645
0.2903101031008166
0.2639999412559225
0.26399994125592235
0.23746148496025538
0.2374614849602553
0.17343353729965036
0.1734335372996503
0.17151906738109626
0.17151906738109626
0.23108181716061604
0.23108181716061604
0.25445818412669485
0.25445818412669496
0.2829257460920169
0.28292574609201687
0.3601751139844067
0.36017511398440966
0.36423839176842226
0.3642383917684198
0.29537027873664273
0.2953702787366424
0.26235193039253135
0.2623519303925314
0.25032284945955546
0.25032284945955513
0.20216831245810518
0.20216831245810588
0.19986720242612427
0.1998672024261233
0.24316333264872428
0.2431633326487249
0.2526254864436113
0.25262548644361116
0.2883507421342206
0.2883507421342208
0.36062367651258076
0.36062367651258465
0.3638416483428099
0.3638416483428112
0.3011581231362451
0.30115812313624385
0.2614053994381335
0.2614053994381331
0.26128904385143437
0.2612890438514336
0.23173969146195292
0.23173969146195297
0.2290384678700951
0.2290384678700949
0.2534177582140494
0.2534177582140494
0.25165016575993937
0.2516501657599394
0.2944786793291372
0.2944786793291368
0.3601936730861928
0.36019367308619654
0.3629035500712426
0.3629035500712428
0.3071415287925469
0.30714152879254836
0.2618675243849789
0.26186752438497835
0.2706902853354134
0.27069028533541395
0.2613994168918724
0.26139941689187296
0.25830267934771173
0.25830267934771184
0.26221157005698714
0.26221157005698803
0.2522280740211165
0.25222807402111563
0.30075434281934543
0.30075434281934504
0.3592153042827179
0.3592153042827179
0.3617859498828397
0.3617859498828383
0.31282316893274553
0.3128231689327455
0.26426162066702624
0.2642616206670263
0.27902401422955253
0.2790240142295529
0.2903566398583332
0.2903566398583331
0.2868904127866974
0.2868904127866984
0.2700762112903836
0.27007621129038306
0.2548629255312616
0.2548629255312615
0.3066661110276861
0.306666111027686
0.35806359451407066
0.3580635945140685
0.36084530022421685
0.3608453002242166
0.3178128067649784
0.3178128067649801
0.26889269901215707
0.26889269901215707
0.28690181286941796
0.2869018128694179
0.31782867972255247
0.3178286797225525
0.31404259563986237
0.31404259563986076
0.277652534570639
0.2776525345706396
0.25983413765145336
0.2598341376514534
0.311818955630346
0.31181895563034584
0.35710385896833646
0.35710385896833813
0.36038591908504564
0.3603859190850449
0.3218806769623489
0.3218806769623495
0.2758390400648822
0.2758390400648817
0.2949809929893579
0.2949809929893579
0.34309470277518395
0.34309470277518583
0.33906259447760034
0.3390625944776002
0.285620147745851
0.2856201477458507
0.2671913101792386
0.26719131017923853
0.31598735756712293
0.3159873575671228
0.3566440907892759
0.35664409078927556
0.3606254028494689
0.3606254028494673
0.324986198188982
0.32498619818898206
0.2849691837703625
0.2849691837703625
0.3038881421418561
0.30388814214185617
0.36554756813919936
0.3655475681391995
0.3613661479758891
0.3613661479758889
0.2946191743322468
0.29461917433224655
0.2767744028945195
0.2767744028945193
0.3191425206697283
0.3191425206697286
0.3569003821204856
0.35690038212048747
0.36167606272869407
0.36167606272869685
0.32727974300179796
0.3272797430017979
0.2959805724562911
0.29598057245629095
0.314143265895552
0.3141432658955522
0.3847389381985343
0.38473893819853466
0.38052439728663784
0.38052439728663867
0.3051732480657032
0.305173248065703
0.2882554708328951
0.288255470832895
0.3214518635004592
0.3214518635004595
0.3579792038403647
0.35797920384036197
0.36354372468033036
0.36354372468033047
0.3290787611134624
0.32907876111346235
0.30845352550657845
0.30845352550657856
0.3260934969635474
0.3260934969635482
0.40041312181777455
0.4004131218177744
0.3962956792780223
0.3962956792780221
0.31762283372608546
0.31762283372608574
0.3011952603644095
0.30119526036440875
0.3232524332828417
0.3232524332828422
0.35987771543885605
0.3598777154388514
0.36614268437635084
0.36614268437635056
0.33082275380469195
0.33082275380469156
0.3219125889500307
0.3219125889500307
0.33986457569153167
0.33986457569153206
0.41252600246882576
0.4125260024688259
0.40864265590639637
0.4086426559063954
0.3320771223631884
0.33207712236318876
0.315106387300206
0.31510638730020607
0.3250031309822569
0.32500313098225697
0.3625006401798658
0.36250064017986394
0.3693233944919886
0.36932339449198665
0.33301403316415534
0.3330140331641554
0.33588679343626243
0.335886793436262
0.3553364888596057
0.35533648885960667
0.42124672930668416
0.4212467293066845
0.4177326785985352
0.4177326785985356
0.3483908475327066
0.3483908475327066
0.3295144035371877
0.3295144035371874
0.3272230603601243
0.3272230603601241
0.3656899783100869
0.3656899783100867
0.37290786163219736
0.3729078616322012
0.3361525936805899
0.33615259368058925
0.34996100898892396
0.3499610089889233
0.3721469743661186
0.37214697436611865
0.42694149000250003
0.42694149000249987
0.4239208997463748
0.4239208997463739
0.36616960939569043
0.3661696093956912
0.3440088396675559
0.34400883966755624
0.3304246426976099
0.33042464269760985
0.3692622281921571
0.36926222819215704
0.37672692568593713
0.37672692568593785
0.34067365265040356
0.3406736526504019
0.36381228280117384
0.3638122828011762
0.3897233654573098
0.38972336545730973
0.43014046885518176
0.43014046885518176
0.42771737370315366
0.42771737370315327
0.3848039930937338
0.3848039930937337
0.35827814977933115
0.35827814977933126
0.3350502601030889
0.3350502601030891
0.37304702165521986
0.3730470216552185
0.3806536484391432
0.3806536484391436
0.3468955193744714
0.3468955193744714
0.3772275225508147
0.37722752255081443
0.407339849243244
0.40733984924324357
0.43149082668429184
0.43149082668429195
0.4297410453703519
0.42974104537035196
0.4035293247143866
0.40352932471438674
0.3721250985167082
0.37212509851670833
0.3414201594296035
0.3414201594296034
0.37692121121568034
0.37692121121568134
0.384627894196579
0.38462789419658017
0.3549836194842274
0.3549836194842273
0.3901017737707596
0.39010177377075994
0.4241940734001485
0.4241940734001484
0.43170002259616025
0.4317000225961603
0.43066491545763
0.43066491545763
0.4215047511839673
0.42150475118396696
0.3854621328052126
0.3854621328052129
0.34969737381444077
0.349697373814441
0.38083340401147386
0.38083340401147375
0.38866868085150885
0.3886686808515097
0.3649340336897501
0.36493403368975014
0.4024192165502976
0.4024192165502978
0.4394945545393534
0.43949455453935243
0.4314748562311884
0.4314748562311885
0.4311576324602559
0.4311576324602557
0.4379028638799437
0.43790286387994304
0.39828923686666085
0.3982892368666607
0.3598728239259208
0.3598728239259209
0.3848155427781395
0.38481554277813695
0.3928727756624916
0.39287277566248846
0.3765771812353112
0.37657718123531153
0.414221464272248
0.4142214642722482
0.45254885024099667
0.4525488502409961
0.4314621109359333
0.4314621109359331
0.43182717273941507
0.43182717273941473
0.4519996360950234
0.45199963609502414
0.41065925855617985
0.41065925855618
0.3717709359468981
0.371770935946898
0.38898013223220174
0.3889801322321982
0.39740002563204607
0.3974000256320507
0.38959967173621174
0.389599671736211
0.42556944237316474
0.4255694423731643
0.4628421643050626
0.4628421643050627
0.43219655327019463
0.4321965532701946
0.43317207379020467
0.43317207379020445
0.46325421594337546
0.4632542159433759
0.42263737033595156
0.42263737033595167
0.38507345606071536
0.3850734560607143
0.3935038050600421
0.39350380506004196
0.40244776716030434
0.4024477671603016
0.4035802081697864
0.4035802081697864
0.43650583047255975
0.4365058304725596
0.4700970230655695
0.47009702306556905
0.4340612938238449
0.434061293823845
0.43554489396788915
0.4355448939678887
0.4713691617020829
0.4713691617020825
0.43426196398710687
0.4342619639871067
0.39935700193508955
0.39935700193508944
0.39859982393115695
0.39859982393115756
0.4082181106084086
0.4082181106084075
0.4180340053716132
0.41803400537161295
0.4470246850501702
0.4470246850501691
0.4743067918956625
0.47430679189566266
0.4372642132327928
0.43726421323279263
0.43913126693010307
0.4391312669301028
0.4763239175307766
0.4763239175307767
0.445513801838578
0.44551380183857814
0.41413852645513244
0.41413852645513455
0.4044835760338889
0.40448357603388835
0.4148827680589199
0.41488276805891783
0.43245963165609513
0.4324596316560937
0.4570534967319222
0.4570534967319225
0.47573884780092474
0.47573884780092446
0.44183244617553263
0.4418324461755323
0.44394624465142407
0.4439462446514239
0.4783774456026118
0.47837744560261214
0.45629874780938123
0.456298747809381
0.42892240874972765
0.4289224087497277
0.41133596030455893
0.41133596030456165
0.4225503004620207
0.4225503004620181
0.4463824950430991
0.44638249504310085
0.46645079454833654
0.4664507945483364
0.47490681852579997
0.4749068185257996
0.44762498578310367
0.44762498578310367
0.44984776789253333
0.4498477678925335
0.47803957858580215
0.4780395785858019
0.4664471151144295
0.4664471151144298
0.4432433268542558
0.44324332685425605
0.41926971418296927
0.41926971418296294
0.43124021151993835
0.43124021151993724
0.4593902651395009
0.45939026513950254
0.47501981857281345
0.47501981857281295
0.47251499866199936
0.4725149986619996
0.4543615400214516
0.4543615400214509
0.4565652789551172
0.4565652789551177
0.47601438502098137
0.47601438502098115
0.4757299422543819
0.475729942254382
0.45670027171576166
0.45670027171576144
0.42830319478538853
0.42830319478538964
0.44086730561627796
0.4408673056162809
0.47115713228848655
0.4711571322884866
0.4825361338930542
0.48253613389305416
0.4693813982434507
0.4693813982434507
0.46166406082049427
0.46166406082049344
0.4637399071881684
0.463739907188169
0.4731221856520102
0.47312218565200975
0.4838897540143817
0.4838897540143817
0.4689787989920919
0.46897879899209144
0.4383450276575241
0.43834502765752437
0.45123832040018935
0.4512383204001901
0.48145567981371473
0.4814556798137149
0.4887847499861107
0.4887847499861103
0.4663484494331059
0.466348449433106
0.469106071914308
0.4691060719143076
0.47097149374203695
0.4709714937420368
0.4702094023563297
0.4702094023563296
0.49068099022806166
0.4906809902280616
0.4798605873699686
0.4798605873699683
0.449191543424367
0.4491915434243659
0.4620612480857527
0.4620612480857555
0.4901569874496059
0.49015698744960556
0.49360068508844007
0.4936006850884397
0.46419186760050085
0.4641918676005012
0.47626418980529356
0.4762641898052933
0.47786710913675057
0.4778671091367505
0.468056843417184
0.46805684341718423
0.4959136447605435
0.4959136447605428
0.48922126994072807
0.4892212699407292
0.46053725829254566
0.4605372582925455
0.47296619132980433
0.4729661913298053
0.49722112527513945
0.4972211252751395
0.49690621795271256
0.4969062179527128
0.4635383475447985
0.4635383475447984
0.4827661445775434
0.48276614457754274
0.484085719996388
0.4840857199963882
0.46729715090293067
0.4672971509029307
0.4994929946918869
0.49949299469188685
0.49701905122298423
0.4970190512229842
0.4719970462937308
0.47199704629373107
0.4835352590117217
0.4835352590117228
0.5026812336140036
0.5026812336140037
0.49873840556846405
0.49873840556846344
0.4648016495801399
0.46480164958014
0.48833016743965174
0.4883301674396516
0.4893742707693843
0.4893742707693842
0.46835094383149906
0.4683509438314986
0.5014487157327425
0.501448715732743
0.5032776117739087
0.5032776117739084
0.48313730372565905
0.4831373037256609
0.49333804918473784
0.4933380491847379
0.506624803287603
0.5066248032876032
0.49926176934031774
0.49926176934031774
0.4681443357113627
0.46814433571136266
0.4927917467235735
0.49279174672357323
0.4935915810905301
0.49359158109053003
0.4713888372858102
0.4713888372858103
0.5019481175437827
0.5019481175437825
0.5080671293692377
0.5080671293692384
0.4935124740956128
0.4935124740956116
0.5019687837056971
0.5019687837056966
0.5091755637340207
0.5091755637340207
0.49876317335448667
0.49876317335448633
0.4734692436051535
0.4734692436051533
0.4961153223775688
0.4961153223775688
0.4967179764637948
0.4967179764637948
0.47632330254952415
0.4763233025495242
0.5012904858302527
0.5012904858302525
0.5114869148564486
0.5114869148564486
0.5027028725462385
0.5027028725462387
0.5090811747526215
0.5090811747526235
0.5104786441796488
0.5104786441796489
0.4976285290781109
0.497628529078111
0.4804411369787853
0.4804411369787846
0.49839029897495235
0.49839029897495224
0.4988502821910845
0.4988502821910847
0.4828306648669403
0.48283066486694015
0.49988226162209026
0.49988226162209015
0.5136522798809153
0.5136522798809147
0.5103498359965599
0.5103498359965596
0.514417573866558
0.514417573866556
0.5106905649339762
0.5106905649339768
0.4963036808590954
0.49630368085909565
0.48853530608395684
0.48853530608395646
0.4998125903203109
0.4998125903203106
0.5001835106173876
0.5001835106173874
0.4903998772886547
0.49039987728865453
0.49819562454818717
0.49819562454818767
0.5146870119953408
0.5146870119953408
0.5161847732590428
0.516184773259044
0.5178297805286995
0.5178297805286992
0.5099743599684693
0.5099743599684691
0.4952442579071718
0.4952442579071718
0.49710667154131405
0.4971066715413139
0.5006545464901139
0.5006545464901135
0.5009820578955478
0.500982057895548
0.49840152038737057
0.4984015203873705
0.496715563623506
0.4967155636235064
0.51472146701121
0.5147214670112096
0.5200495866223382
0.5200495866223364
0.5192899344314889
0.5192899344314882
0.5084989573631776
0.5084989573631782
0.4948610626295069
0.49486106262950685
0.505470569560864
0.5054705695608638
0.5012273652749593
0.5012273652749595
0.5015443269158428
0.5015443269158429
0.5061681537790793
0.5061681537790788
0.49588234773548884
0.49588234773548956
0.5138950433628512
0.5138950433628507
0.5219070360982533
0.521907036098254
0.5188910341037897
0.5188910341037889
0.5064410537476072
0.5064410537476065
0.4954684351086527
0.49546843510865346
0.5129851561212102
0.5129851561212101
0.5018408135118606
0.5018408135118606
0.502165287072116
0.5021652870721165
0.5130759673360614
0.5130759673360609
0.49603717733924674
0.4960371773392471
0.5123608913346812
0.5123608913346812
0.5218407617865024
0.5218407617865007
0.5168376728775269
0.5168376728775272
0.503987257062457
0.5039872570624567
0.49724285180686667
0.4972428518068663
0.5191254037289486
0.5191254037289491
0.50276520582562
0.5027652058256196
0.5031015133960582
0.5031015133960588
0.5186177789581284
0.5186177789581281
0.4973785735457948
0.49737857354579446
0.5102902786719864
0.5102902786719865
0.520045722888368
0.520045722888369
0.513428446526723
0.513428446526725
0.501334303557829
0.501334303557829
0.5001977957478793
0.5001977957478793
0.5235399537248233
0.5235399537248231
0.5042001102310449
0.5042001102310447
0.5045427321098265
0.5045427321098267
0.5224587677553452
0.522458767755345
0.49993576102986775
0.49993576102986803
0.5078741436903957
0.5078741436903954
0.5168106397497876
0.5168106397497877
0.5090320901616199
0.5090320901616174
0.49868565673458753
0.4986856567345881
0.5041788364247051
0.504178836424705
0.5260844460933732
0.5260844460933732
0.5062532471496519
0.5062532471496518
0.5065929188106949
0.5065929188106953
0.5244687234751528
0.5244687234751524
0.5035631001019192
0.5035631001019195
0.5053199833408529
0.505319983340853
0.5124945683984676
0.5124945683984679
0.5040597153702411
0.5040597153702405
0.49624366309002976
0.49624366309002954
0.5088801674453924
0.5088801674453927
0.5268280587693327
0.5268280587693328
0.5089316591046659
0.5089316591046655
0.5092626865897111
0.5092626865897113
0.5247277100024177
0.5247277100024179
0.5079568225404466
0.5079568225404463
0.5028432259640284
0.5028432259640278
0.5074999751314325
0.507499975131434
0.49893555589635474
0.49893555589635546
0.49419750488410136
0.4941975048841014
0.5138809409749933
0.5138809409749935
0.5260334389144642
0.526033438914464
0.512145635746444
0.512145635746444
0.512473238314293
0.5124732383142934
0.5235054698751876
0.5235054698751874
0.5126923130311394
0.5126923130311392
0.5006534408654283
0.5006534408654282
0.5022446375457671
0.5022446375457673
0.4940684400885478
0.4940684400885496
0.4927082532880372
0.49270825328803697
0.518697015933829
0.5186970159338289
0.5241135515319417
0.5241135515319416
0.5157242867125692
0.5157242867125693
0.5160707276936739
0.5160707276936737
0.521218192232136
0.5212181922321358
0.5172773723220095
0.5172773723220089
0.498936920269977
0.4989369202699774
0.4971344393982103
0.49713443939821045
0.48982586169686054
0.48982586169686065
0.4918931866016163
0.4918931866016162
0.5228415831108822
0.5228415831108822
0.5215717795155532
0.5215717795155533
0.5194402614938033
0.5194402614938034
0.5198486547605402
0.5198486547605399
0.5183690084776131
0.5183690084776132
0.5212146908407971
0.5212146908407967
0.4978381179738899
0.4978381179738899
0.4925387319338457
0.4925387319338475
0.4865120949801442
0.48651209498014447
0.4918120324528338
0.4918120324528341
0.5258868484109519
0.5258868484109519
0.51893353402829
0.5189335340282903
0.5230400888815933
0.523040088881593
0.5235750575028739
0.5235750575028734
0.5154804284912525
0.515480428491253
0.524065461255812
0.5240654612558117
0.4974429665523267
0.49744296655232706
0.48876948980542745
0.48876948980542995
0.4843513656749966
0.4843513656749972
0.492457816788033
0.4924578167880326
0.5275187283470715
0.5275187283470718
0.5166784465266202
0.5166784465266198
0.526276065576478
0.5262760655764782
0.5270208468371999
0.5270208468371995
0.5130276689779887
0.5130276689779888
0.5255058481538105
0.5255058481538104
0.49776711310688826
0.4977671131068877
0.48606506955809303
0.4860650695580941
0.48347669756620754
0.48347669756620787
0.49375453233355426
0.49375453233355465
0.5275773763042199
0.5275773763042193
0.5151818345893157
0.5151818345893164
0.5289356162624846
0.5289356162624842
0.5299857004497468
0.5299857004497467
0.5113813874772345
0.5113813874772344
0.5253689442378484
0.5253689442378481
0.49875159050157314
0.49875159050157386
0.484579033295697
0.48457903329569585
0.4839247314372791
0.48392473143727815
0.4955629355146711
0.4955629355146717
0.5260781993428054
0.5260781993428053
0.5146726408126747
0.5146726408126747
0.5308645582153145
0.5308645582153145
0.5323184526075178
0.5323184526075174
0.5107668088260092
0.5107668088260093
0.5236667514061635
0.5236667514061634
0.500267445732702
0.5002674457327022
0.4843742499674244
0.48437424996742484
0.4856365594501912
0.48563655945018847
0.4976945791316648
0.4976945791316653
0.5232105934401037
0.5232105934401038
0.5152126592092374
0.5152126592092375
0.5319816488632534
0.5319816488632534
0.5339298049175524
0.5339298049175517
0.5112438442146503
0.5112438442146505
0.5205893702397437
0.5205893702397435
0.5021295287082189
0.502129528708219
0.48542232219984577
0.4854223221998456
0.4884644127294446
0.4884644127294451
0.4999328779359008
0.4999328779359008
0.5193145699124619
0.5193145699124619
0.5166989206684738
0.5166989206684743
0.5322830379092326
0.532283037909232
0.5347963061088601
0.5347963061088601
0.5127098924967057
0.5127098924967055
0.5164816004289093
0.5164816004289093
0.5041182095692585
0.5041182095692582
0.48760827446497107
0.4876082744649714
0.4921838501040968
0.492183850104097
0.5020587990619878
0.502058799061988
0.5148383658112231
0.5148383658112233
0.5188880078236443
0.5188880078236441
0.5318366156941658
0.531836615694166
0.534955750554037
0.5349557505540364
0.5149239758752808
0.5149239758752808
0.5118001350421846
0.5118001350421848
0.5060064716998944
0.5060064716998938
0.4907403323238168
0.4907403323238174
0.4965108875630356
0.4965108875630356
0.5038778722685064
0.5038778722685058
0.5102826293414905
0.5102826293414906
0.5214382215462855
0.5214382215462857
0.5307675643716884
0.5307675643716884
0.5344952645308751
0.534495264530875
0.5175481009992489
0.5175481009992484
0.5070570681772907
0.5070570681772907
0.5075888396551397
0.5075888396551398
0.4945644763625859
0.494564476362588
0.5011232571109797
0.5011232571109785
0.5052447861700978
0.5052447861700979
0.5061385102631616
0.5061385102631619
0.5239632946989246
0.5239632946989249
0.5292375089990731
0.5292375089990727
0.5335342422893358
0.5335342422893355
0.5201996084369935
0.5201996084369934
0.5027571867393099
0.5027571867393096
0.5087081181705001
0.5087081181705007
0.4987832351776227
0.4987832351776199
0.5056846854616305
0.5056846854616296
0.5060819664492341
0.5060819664492336
0.502827733041273
0.5028277330412737
0.5260900212376536
0.5260900212376535
0.5274203972715288
0.5274203972715291
0.5322048524092778
0.5322048524092771
0.5225070417813451
0.5225070417813449
0.49933725139757223
0.49933725139757235
0.5092760367136434
0.5092760367136431
0.5030778795852521
0.5030778795852537
0.5098707561245126
0.509870756124511
0.5063892250857783
0.506389225085779
0.5006523925903716
0.5006523925903715
0.5275118919936405
0.5275118919936402
0.5254785260450592
0.5254785260450595
0.5306329988518065
0.5306329988518059
0.5241618695138681
0.5241618695138683
0.4971150990479535
0.49711509904795315
0.5092846182403619
0.5092846182403616
0.5071328140534388
0.5071328140534408
0.513394604813695
0.5133946048136957
0.5062427421366832
0.5062427421366831
0.49976084336524257
0.4997608433652426
0.5280316110227071
0.528031611022707
0.5235419574686927
0.5235419574686929
0.5289223855191425
0.5289223855191423
0.5249592241183462
0.5249592241183458
0.4962549817357133
0.4962549817357133
0.5088063308685999
0.5088063308685998
0.5106605782456702
0.5106605782456708
0.5160304568588393
0.516030456858839
0.5057831322081671
0.5057831322081677
0.5001338472859629
0.5001338472859624
0.5275870757769112
0.5275870757769118
0.5216939669343056
0.5216939669343049
0.5271437466912211
0.5271437466912212
0.5248225423811762
0.5248225423811761
0.4967532997621792
0.496753299762179
0.5079826644337371
0.5079826644337371
0.5134255401297148
0.5134255401297155
0.5176329124604819
0.517632912460482
0.5051939407741532
0.5051939407741532
0.5015924118329816
0.5015924118329815
0.5262577878844009
0.5262577878844014
0.5199642336150339
0.5199642336150334
0.525330462372873
0.525330462372873
0.5238093420252077
0.5238093420252075
0.49844610699736314
0.4984461069973627
0.5070024700031656
0.5070024700031657
0.5152641607366686
0.5152641607366683
0.5181499810545916
0.5181499810545914
0.5046733727402785
0.5046733727402782
0.503825862730295
0.5038258627302953
0.5242513828540968
0.5242513828540966
0.51833035748887
0.5183303574888702
0.5234808025337873
0.5234808025337869
0.5220980188383308
0.522098018838331
0.5010368491387137
0.5010368491387133
0.5060729555479181
0.5060729555479181
0.5160997126888497
0.5160997126888499
0.5176281999004531
0.5176281999004523
0.5044031524592166
0.5044031524592162
0.5064360483777527
0.5064360483777525
0.5218726538272002
0.5218726538272004
0.5167271215997453
0.5167271215997449
0.5215660759589895
0.5215660759589896
0.5199581305468324
0.5199581305468324
0.5041401392231241
0.5041401392231238
0.5053874059881948
0.5053874059881943
0.5159495928354849
0.5159495928354864
0.5162087533118231
0.5162087533118227
0.5045189741202185
0.504518974120219
0.5089915201265782
0.5089915201265782
0.5194797381262253
0.519479738126225
0.5150618723105179
0.5150618723105183
0.5195431306893983
0.5195431306893988
0.5177088031979689
0.5177088031979685
0.5073353359166999
0.5073353359166993
0.5050943030391957
0.5050943030391962
0.5149239027067198
0.5149239027067192
0.5141143084860622
0.5141143084860627
0.5050869232926747
0.5050869232926746
0.5110843419496852
0.5110843419496854
0.5174337393513009
0.5174337393513008
0.5132336001288683
0.5132336001288682
0.5173690730637491
0.5173690730637494
0.515671372249703
0.5156713722497028
0.5102225354776362
0.5102225354776361
0.5052724528070145
0.505272452807014
0.5132147555976021
0.5132147555976012
0.5116272329965931
0.5116272329965927
0.5060895263866778
0.5060895263866779
0.5123820014447309
0.5123820014447313
0.5160487759437113
0.5160487759437111
0.5111528676264419
0.5111528676264417
0.5150158129076862
0.5150158129076864
0.5141229746572716
0.5141229746572711
0.5124734585551686
0.5124734585551683
0.5059159785830517
0.5059159785830512
0.511076738124533
0.5110767381245328
0.509060855117831
0.5090608551178303
0.5074238028679599
0.5074238028679602
0.5126677275430681
0.5126677275430682
0.5155492073552671
0.5155492073552664
0.508759696882651
0.5087596968826517
0.5124821291528858
0.512482129152885
0.5132574834799353
0.5132574834799358
0.513870605653966
0.5138706056539653
0.5069316961370139
0.5069316961370136
0.5088000002808752
0.5088000002808751
0.506726346524302
0.5067263465243029
0.5089120280700846
0.5089120280700845
0.5118642359703525
0.5118642359703529
0.5160396496839674
0.5160396496839671
0.5060368892394047
0.5060368892394044
0.5098013607327058
0.5098013607327063
0.5131589934645825
0.5131589934645818
0.5143298271074345
0.5143298271074344
0.5081496421104623
0.5081496421104619
0.5066784380481466
0.5066784380481463
0.5048985173114706
0.50489851731147
0.5103240961544906
0.5103240961544913
0.5100382702666324
0.5100382702666323
0.5174915315977318
0.5174915315977315
0.5030169446444107
0.5030169446444108
0.5070434960571509
0.5070434960571507
0.5137912093274115
0.5137912093274118
0.5139038433489502
0.5139038433489498
0.509345620127201
0.5093456201272005
0.5049762246006008
0.5049762246006004
0.5037841991356611
0.5037841991356615
0.5114086644958837
0.5114086644958831
0.507385951225973
0.507385951225973
0.5197476284563799
0.5197476284563799
0.4997816730214791
0.499781673021479
0.50431126149871
0.5043112614987099
0.5150038286305505
0.5150038286305505
0.5127669176603336
0.5127669176603336
0.5102728399240123
0.5102728399240116
0.5038964105292247
0.5038964105292246
0.5034968694312473
0.5034968694312465
0.5119289134013102
0.5119289134013109
0.5042015239179067
0.5042015239179064
0.5225435709017902
0.52254357090179
0.49645461446332606
0.4964546144633265
0.5017306770772401
0.5017306770772396
0.5165546657271236
0.5165546657271233
0.511183453652768
0.5111834536527681
0.5106983165963249
0.5106983165963243
0.5035553539061529
0.5035553539061527
