0.0 0.0
0.0 0.0
0.0 0.0
0.0 0.0
0.0 0.0
0.0 0.0
0.0 0.0
0.0 0.0
-2.092594896191749e-17 0.0
0.0 0.0
0.0 0.0
2.6334254330136198e-17 0.0
0.0 0.0
0.0 0.0
-4.749741486893225e-16 1.734723475976807e-18
0.0 0.0
0.0 0.0
5.562190078911133e-16 -2.6020852139652106e-18
0.0 0.0
0.0 0.0
1.238871235687087e-15 -8.131516293641283e-20
0.0 0.0
0.0 0.0
6.945264438703528e-15 -1.6393136847980827e-16
0.0 0.0
0.0 0.0
-2.619107188073233e-15 2.2727181464912705e-15
0.0 0.0
0.0 0.0
-1.2243708786630406e-15 -2.729956695814509e-15
0.0 0.0
0.0 0.0
1.3110901118029358e-15 2.9843240780067642e-15
0.0 0.0
0.0 0.0
-1.4554262200809631e-15 6.287000407041374e-15
0.0 0.0
0.0 0.0
6.109665589204213e-16 4.1150215830329517e-16
0.0 0.0
0.0 0.0
1.2986775215872819e-14 3.539144210985487e-15
0.0 0.0
0.0 0.0
-6.375938866503075e-16 1.3544920800202462e-14
0.0 0.0
0.0 0.0
1.9170439297415062e-15 -3.4237461363174557e-15
0.0 0.0
0.0 0.0
-3.251673087148639e-15 -6.417003023785964e-16
0.0 0.0
0.0 0.0
-2.490656335688013e-15 3.0957122987024938e-15
0.0 0.0
0.0 0.0
1.781422096424831e-15 1.9245096781386056e-15
0.0 0.0
0.0 0.0
3.387367765298778e-15 -1.2055389645533252e-14
0.0 0.0
0.0 0.0
-1.1584158111921372e-15 2.8716500612971027e-15
0.0 0.0
0.0 0.0
-1.0228651286430315e-15 -9.02313705523905e-16
0.0 0.0
0.0 0.0
-3.410776367829098e-15 -7.515486171762176e-16
0.0 0.0
0.0 0.0
1.762992353558472e-14 -5.612480966088462e-15
0.0 0.0
0.0 0.0
1.3210512192626464e-15 -1.3455567294596606e-14
0.0 0.0
0.0 0.0
2.6369626426013537e-15 -1.2815462802290636e-14
0.0 0.0
0.0 0.0
-1.1320829121147166e-14 7.284822159565885e-17
0.0 0.0
0.0 0.0
-1.4934563053467867e-15 5.872692875616772e-15
0.0 0.0
0.0 0.0
-1.917016824687194e-15 -4.19107836543281e-15
0.0 0.0
0.0 0.0
2.085496760093758e-16 2.483085555205454e-15
0.0 0.0
0.0 0.0
-7.160325256978448e-15 2.928955228310645e-15
0.0 0.0
0.0 0.0
-2.4358805784615613e-14 4.495844207986696e-15
0.0 0.0
0.0 0.0
3.579939011791149e-15 -1.212989466357374e-14
0.0 0.0
0.0 0.0
-2.3804675136455955e-15 -2.325596719322462e-15
0.0 0.0
0.0 0.0
-1.5666053930453103e-14 2.4460448044220234e-15
0.0 0.0
0.0 0.0
1.4363961002615902e-14 -4.330117129658709e-16
0.0 0.0
0.0 0.0
-3.1196765548462124e-15 6.384309246087842e-15
0.0 0.0
0.0 0.0
5.2379026680218765e-15 -1.706058186975827e-15
0.0 0.0
0.0 0.0
-8.891118500079995e-16 -1.654588399342509e-14
0.0 0.0
0.0 0.0
4.242559333901032e-15 -3.503531557751127e-16
0.0 0.0
0.0 0.0
4.438063008456797e-16 1.643095686907573e-14
0.0 0.0
0.0 0.0
-6.7415386153287654e-15 2.557056942489172e-16
0.0 0.0
0.0 0.0
5.790657734675193e-15 3.458284751774697e-15
0.0 0.0
0.0 0.0
-2.02217765915471e-15 1.6125457495989523e-15
0.0 0.0
0.0 0.0
4.247666942572975e-15 -1.4728230909714403e-14
0.0 0.0
0.0 0.0
3.6757367440597155e-15 -7.697923516073596e-15
0.0 0.0
0.0 0.0
-1.0100020863060277e-15 -3.485161107191076e-15
0.0 0.0
0.0 0.0
6.690452364213964e-15 1.490468142515463e-14
0.0 0.0
0.0 0.0
-1.8535825272673195e-15 3.388250373629817e-16
0.0 0.0
0.0 0.0
-1.6025338201624065e-15 -6.223948968513658e-15
0.0 0.0
0.0 0.0
-7.761871115459507e-17 -1.2237151057552763e-14
0.0 0.0
0.0 0.0
6.541006953198099e-15 -1.7066746575548387e-14
0.0 0.0
0.0 0.0
-2.424885921399611e-17 8.352134495083138e-16
0.0 0.0
0.0 0.0
5.921503996235249e-15 -5.620944519297427e-16
0.0 0.0
0.0 0.0
-5.147419220464383e-16 -4.7647839450035145e-15
0.0 0.0
0.0 0.0
5.117705304674702e-16 -3.1833090579757445e-15
0.0 0.0
0.0 0.0
-9.24034510203526e-15 2.2717881043151852e-15
0.0 0.0
0.0 0.0
3.6718827441497084e-15 -1.0938905353361991e-15
0.0 0.0
0.0 0.0
-7.766987194460923e-16 -3.945806423028171e-15
0.0 0.0
0.0 0.0
3.1783335864435727e-15 2.630814877470182e-15
0.0 0.0
0.0 0.0
1.3559659173484687e-15 2.8408417789395693e-15
0.0 0.0
0.0 0.0
2.5048812375976122e-14 2.8973304061919586e-15
0.0 0.0
0.0 0.0
-3.828959922020335e-15 -1.3802130824965703e-15
0.0 0.0
0.0 0.0
8.929116398093823e-16 3.2656372723170735e-15
0.0 0.0
0.0 0.0
-1.7405383571597079e-15 -5.9077973090827796e-15
0.0 0.0
0.0 0.0
-1.1832203240195321e-15 -7.70682244421745e-16
0.0 0.0
0.0 0.0
1.3303432977489682e-14 5.754555072880847e-15
0.0 0.0
0.0 0.0
-1.2473237774677376e-15 -2.6956205212316613e-15
0.0 0.0
0.0 0.0
-1.4344423552412771e-15 -1.7989542702407204e-14
0.0 0.0
0.0 0.0
2.1562196701456374e-15 4.190680683464074e-16
0.0 0.0
0.0 0.0
2.6488967015534564e-15 -3.993302948512509e-16
0.0 0.0
0.0 0.0
-2.9401572390380833e-16 2.9527992057758537e-16
0.0 0.0
0.0 0.0
1.876774649352145e-14 1.0583968902309285e-15
0.0 0.0
0.0 0.0
4.055625726947349e-15 2.5055857148998436e-15
0.0 0.0
0.0 0.0
1.4106712649611798e-14 2.3671318269240238e-15
0.0 0.0
0.0 0.0
8.860638019473049e-16 7.41462106488666e-15
0.0 0.0
0.0 0.0
1.5260620974975121e-15 1.1477425819578463e-14
0.0 0.0
0.0 0.0
-1.6424503272111042e-15 -4.2628182444169865e-16
0.0 0.0
0.0 0.0
-4.906479639826713e-15 -2.1595780962244965e-15
0.0 0.0
0.0 0.0
-3.905942511431542e-15 -3.578832363245561e-15
0.0 0.0
0.0 0.0
-8.83897515184702e-15 1.1299922018668325e-14
0.0 0.0
0.0 0.0
-1.236951435512135e-15 4.507666670347998e-15
0.0 0.0
0.0 0.0
-1.3970093223241494e-15 2.693411459305222e-15
0.0 0.0
0.0 0.0
4.464160940594649e-15 -1.2187063458282774e-15
0.0 0.0
0.0 0.0
-8.472633402159535e-16 -7.12572989031374e-15
0.0 0.0
0.0 0.0
4.868483647637017e-15 6.907858616719831e-16
0.0 0.0
0.0 0.0
3.1614259617834296e-15 -2.385159229140437e-15
0.0 0.0
0.0 0.0
1.9951386734124582e-15 4.5827870578246666e-15
0.0 0.0
0.0 0.0
-6.609609845662119e-16 -3.955172066325962e-15
0.0 0.0
0.0 0.0
-3.888849810072424e-15 8.079470354197243e-16
0.0 0.0
0.0 0.0
1.6886749533158007e-15 2.558541367729235e-15
0.0 0.0
0.0 0.0
-3.5600803243427716e-15 -1.2767238675504607e-15
0.0 0.0
0.0 0.0
2.282389251045665e-15 2.61253950635846e-15
0.0 0.0
0.0 0.0
1.6411585225572026e-15 -7.252537498781287e-16
0.0 0.0
0.0 0.0
3.0152608976140435e-15 3.721291234754236e-15
0.0 0.0
0.0 0.0
-4.34127509467289e-15 -2.7239234918894533e-16
