0.0 0.0 0.0
0.0 0.0 -6.776263578034403e-21
0.0 0.0 0.0
0.0 0.0 0.0
0.0 0.0 0.0
0.0 0.0 0.0
0.0 0.0 0.0
0.0 0.0 0.0
0.0 0.0 0.0
0.0 0.0 0.0
0.0 0.0 0.0
0.0 0.0 -1.0299920638612292e-18
0.0 0.0 6.246867986000465e-21
0.0 0.0 -4.963083675318166e-24
0.0 0.0 -8.077935669463161e-27
0.0 0.0 -1.9387045606711586e-26
0.0 0.0 0.0
0.0 0.0 0.0
0.0 0.0 0.0
0.0 0.0 0.0
0.0 0.0 0.0
0.0 0.0 -1.3877787807814457e-17
0.0 0.0 1.5924219408380846e-19
0.0 0.0 2.3425754947501744e-21
0.0 0.0 5.686866711302065e-25
0.0 0.0 -2.5849394142282115e-25
0.0 0.0 0.0
0.0 0.0 0.0
0.0 0.0 0.0
0.0 0.0 0.0
0.0 0.0 -5.551115123125783e-17
0.0 0.0 4.9439619065339e-17
0.0 0.0 -2.371692252312041e-19
0.0 0.0 2.0011153378882846e-20
0.0 0.0 8.68539643180679e-23
0.0 0.0 5.872982349126496e-23
0.0 0.0 2.117582368135751e-22
0.0 0.0 0.0
0.0 0.0 0.0
0.0 0.0 0.0
0.0 0.0 -1.3877787807814457e-17
0.0 0.0 7.806255641895632e-18
0.0 0.0 5.583641188300348e-18
0.0 0.0 5.759824041329242e-20
0.0 0.0 2.2234614865425384e-21
0.0 0.0 0.0
0.0 0.0 4.658681209898652e-20
0.0 0.0 0.0
0.0 0.0 0.0
0.0 0.0 0.0
0.0 0.0 0.0
0.0 0.0 1.0408340855860843e-17
0.0 0.0 -1.8431436932253575e-18
0.0 0.0 -1.0164395367051604e-19
0.0 0.0 4.896909226313924e-21
0.0 0.0 5.373365259144468e-21
0.0 0.0 1.3552527156068805e-20
0.0 0.0 -7.26415455565288e-18
0.0 0.0 0.0
0.0 0.0 0.0
0.0 0.0 -2.7755575615628914e-17
0.0 0.0 -1.8388068845354155e-16
0.0 0.0 8.890457814381136e-18
0.0 0.0 -2.778268066994105e-19
0.0 0.0 2.117582368135751e-21
0.0 0.0 -1.1858461261560205e-20
0.0 0.0 -6.776263578034403e-21
0.0 0.0 1.3010426069826053e-18
0.0 0.0 0.0
0.0 0.0 0.0
0.0 0.0 -1.942890293094024e-16
0.0 0.0 -2.914335439641036e-16
0.0 0.0 3.469446951953614e-18
0.0 0.0 -1.7618285302889447e-18
0.0 0.0 3.3881317890172014e-21
0.0 0.0 2.456395547037471e-20
0.0 0.0 2.168404344971009e-19
0.0 0.0 0.0
0.0 0.0 -6.245004513516506e-17
0.0 0.0 5.551115123125783e-17
0.0 0.0 -2.220446049250313e-16
0.0 0.0 -3.677613769070831e-16
0.0 0.0 1.3010426069826053e-17
0.0 0.0 4.336808689942018e-19
0.0 0.0 3.5914196963582334e-19
0.0 0.0 8.470329472543003e-20
0.0 0.0 8.51098705401121e-18
0.0 0.0 -2.6020852139652106e-18
0.0 0.0 7.632783294297951e-17
0.0 0.0 -8.881784197001252e-16
0.0 0.0 -6.106226635438361e-16
0.0 0.0 3.469446951953614e-16
0.0 0.0 3.642919299551295e-17
0.0 0.0 -1.5395670849294163e-17
0.0 0.0 -5.759824041329242e-19
0.0 0.0 6.301925127571995e-19
0.0 0.0 3.577867169202165e-18
0.0 0.0 1.0408340855860843e-17
0.0 0.0 -3.608224830031759e-16
0.0 0.0 1.3877787807814457e-15
0.0 0.0 -1.6653345369377348e-16
0.0 0.0 5.273559366969494e-16
0.0 0.0 2.6020852139652106e-17
0.0 0.0 -4.119968255444917e-18
0.0 0.0 -5.421010862427522e-19
0.0 0.0 2.0328790734103208e-19
0.0 0.0 -2.1250362580715887e-17
0.0 0.0 -2.5500435096859064e-16
0.0 0.0 -7.355227538141662e-16
0.0 0.0 -1.4432899320127035e-15
0.0 0.0 -3.3306690738754696e-16
0.0 0.0 7.771561172376096e-16
0.0 0.0 4.0245584642661925e-16
0.0 0.0 -3.642919299551295e-17
0.0 0.0 3.3610267347050637e-18
0.0 0.0 1.6534083130403943e-18
0.0 0.0 4.7271214720367993e-17
0.0 0.0 -2.42861286636753e-16
0.0 0.0 5.551115123125783e-17
0.0 0.0 -1.6653345369377348e-15
0.0 0.0 2.220446049250313e-16
0.0 0.0 9.43689570931383e-16
0.0 0.0 -2.5673907444456745e-16
0.0 0.0 -6.158268339717665e-17
0.0 0.0 6.1257422745431e-18
0.0 0.0 2.222614453595284e-18
0.0 0.0 6.071532165918825e-18
0.0 0.0 2.3592239273284576e-16
0.0 0.0 -1.6653345369377348e-16
0.0 0.0 -3.885780586188048e-16
0.0 0.0 4.440892098500626e-16
0.0 0.0 1.6653345369377348e-16
0.0 0.0 2.0122792321330962e-16
0.0 0.0 -1.3010426069826053e-17
0.0 0.0 3.7947076036992655e-18
0.0 0.0 -1.0083080204115191e-17
0.0 0.0 8.673617379884035e-19
0.0 0.0 -6.522560269672795e-16
0.0 0.0 7.771561172376096e-16
0.0 0.0 -1.1657341758564144e-15
0.0 0.0 8.326672684688674e-16
0.0 0.0 1.4988010832439613e-15
0.0 0.0 -5.828670879282072e-16
0.0 0.0 -1.4224732503009818e-16
0.0 0.0 -7.589415207398531e-18
0.0 0.0 -1.3010426069826053e-18
0.0 0.0 2.0816681711721685e-17
0.0 0.0 -4.440892098500626e-16
0.0 0.0 8.049116928532385e-16
0.0 0.0 -8.881784197001252e-16
0.0 0.0 -3.885780586188048e-16
0.0 0.0 0.0
0.0 0.0 -3.608224830031759e-16
0.0 0.0 1.682681771697503e-16
0.0 0.0 -3.5128150388530344e-17
0.0 0.0 -3.903127820947816e-18
0.0 0.0 -1.4051260155412137e-16
0.0 0.0 1.3877787807814457e-17
0.0 0.0 -5.551115123125783e-17
0.0 0.0 1.6653345369377348e-15
0.0 0.0 6.106226635438361e-16
0.0 0.0 5.551115123125783e-17
0.0 0.0 3.0531133177191805e-16
0.0 0.0 3.469446951953614e-17
0.0 0.0 2.2985086056692694e-17
0.0 0.0 9.540979117872439e-18
0.0 0.0 -1.214306433183765e-16
0.0 0.0 6.38378239159465e-16
0.0 0.0 -6.106226635438361e-16
0.0 0.0 2.4424906541753444e-15
0.0 0.0 6.661338147750939e-16
0.0 0.0 -6.661338147750939e-16
0.0 0.0 -5.551115123125783e-17
0.0 0.0 1.8041124150158794e-16
0.0 0.0 -9.80118763926896e-17
0.0 0.0 -2.862293735361732e-17
0.0 0.0 -9.020562075079397e-17
0.0 0.0 8.187894806610529e-16
0.0 0.0 -3.3306690738754696e-16
0.0 0.0 -3.885780586188048e-16
0.0 0.0 -2.0539125955565396e-15
0.0 0.0 -1.1657341758564144e-15
0.0 0.0 4.163336342344337e-16
0.0 0.0 2.0122792321330962e-16
0.0 0.0 -1.3877787807814457e-17
0.0 0.0 -1.1796119636642288e-16
0.0 0.0 4.0939474033052647e-16
0.0 0.0 -4.996003610813204e-16
0.0 0.0 0.0
0.0 0.0 3.885780586188048e-16
0.0 0.0 -1.3322676295501878e-15
0.0 0.0 6.106226635438361e-16
0.0 0.0 3.608224830031759e-16
0.0 0.0 -2.220446049250313e-16
0.0 0.0 -1.231653667943533e-16
0.0 0.0 -1.3183898417423734e-16
0.0 0.0 3.7470027081099033e-16
0.0 0.0 8.326672684688674e-17
0.0 0.0 1.6653345369377348e-16
0.0 0.0 -1.0547118733938987e-15
0.0 0.0 3.6637359812630166e-15
0.0 0.0 -3.3306690738754696e-16
0.0 0.0 -3.0531133177191805e-16
0.0 0.0 0.0
0.0 0.0 4.5102810375396984e-17
0.0 0.0 -1.5265566588595902e-16
0.0 0.0 -2.636779683484747e-16
0.0 0.0 6.106226635438361e-16
0.0 0.0 1.1102230246251565e-16
0.0 0.0 -1.1657341758564144e-15
0.0 0.0 8.881784197001252e-16
0.0 0.0 5.551115123125783e-17
0.0 0.0 -2.7755575615628914e-16
0.0 0.0 -5.134781488891349e-16
0.0 0.0 3.8163916471489756e-16
0.0 0.0 -2.498001805406602e-16
0.0 0.0 -2.220446049250313e-16
0.0 0.0 -3.3306690738754696e-16
0.0 0.0 1.6653345369377348e-16
0.0 0.0 9.43689570931383e-16
0.0 0.0 3.219646771412954e-15
0.0 0.0 0.0
0.0 0.0 -1.3877787807814457e-16
0.0 0.0 1.249000902703301e-16
0.0 0.0 -7.632783294297951e-17
0.0 0.0 -1.734723475976807e-16
0.0 0.0 -4.3021142204224816e-16
0.0 0.0 8.326672684688674e-17
0.0 0.0 -1.1102230246251565e-16
0.0 0.0 7.771561172376096e-16
0.0 0.0 -2.275957200481571e-15
0.0 0.0 3.3306690738754696e-16
0.0 0.0 1.6653345369377348e-16
0.0 0.0 -4.163336342344337e-16
0.0 0.0 1.3877787807814457e-17
0.0 0.0 -4.85722573273506e-17
0.0 0.0 -1.1102230246251565e-16
0.0 0.0 3.885780586188048e-16
0.0 0.0 -1.887379141862766e-15
0.0 0.0 1.2212453270876722e-15
0.0 0.0 -1.27675647831893e-15
0.0 0.0 -4.996003610813204e-16
0.0 0.0 -7.216449660063518e-16
0.0 0.0 2.0261570199409107e-15
0.0 0.0 1.3877787807814457e-17
0.0 0.0 4.787836793695988e-16
0.0 0.0 -3.0531133177191805e-16
0.0 0.0 7.494005416219807e-16
0.0 0.0 -4.440892098500626e-16
0.0 0.0 -3.3306690738754696e-16
0.0 0.0 -3.7192471324942744e-15
0.0 0.0 0.0
0.0 0.0 4.440892098500626e-16
0.0 0.0 -1.4155343563970746e-15
0.0 0.0 1.0130785099704553e-15
0.0 0.0 8.326672684688674e-17
0.0 0.0 8.326672684688674e-16
0.0 0.0 -5.551115123125783e-17
0.0 0.0 1.6653345369377348e-16
0.0 0.0 -1.2212453270876722e-15
0.0 0.0 -2.1094237467877974e-15
0.0 0.0 8.326672684688674e-16
0.0 0.0 0.0
0.0 0.0 -4.163336342344337e-16
0.0 0.0 2.7755575615628914e-17
0.0 0.0 3.3306690738754696e-16
0.0 0.0 -4.163336342344337e-16
0.0 0.0 5.551115123125783e-17
0.0 0.0 1.1102230246251565e-16
0.0 0.0 -1.1657341758564144e-15
0.0 0.0 -8.881784197001252e-16
0.0 0.0 8.326672684688674e-16
0.0 0.0 5.551115123125783e-17
0.0 0.0 0.0
0.0 0.0 -2.0816681711721685e-16
0.0 0.0 4.718447854656915e-16
0.0 0.0 3.0531133177191805e-16
0.0 0.0 -3.885780586188048e-16
0.0 0.0 0.0
0.0 0.0 -3.774758283725532e-15
0.0 0.0 -3.885780586188048e-16
0.0 0.0 3.3306690738754696e-16
0.0 0.0 5.551115123125783e-17
0.0 0.0 1.942890293094024e-16
0.0 0.0 -4.996003610813204e-16
0.0 0.0 1.942890293094024e-16
0.0 0.0 -1.1102230246251565e-16
0.0 0.0 -5.551115123125783e-17
0.0 0.0 -1.1102230246251565e-16
0.0 0.0 7.216449660063518e-16
0.0 0.0 -2.942091015256665e-15
0.0 0.0 -1.6653345369377348e-16
0.0 0.0 1.6653345369377348e-16
0.0 0.0 8.326672684688674e-17
0.0 0.0 5.551115123125783e-17
0.0 0.0 0.0
0.0 0.0 0.0
0.0 0.0 -1.1102230246251565e-16
0.0 0.0 5.551115123125783e-17
0.0 0.0 -2.942091015256665e-15
0.0 0.0 2.4424906541753444e-15
0.0 0.0 3.3306690738754696e-16
0.0 0.0 -5.551115123125783e-17
0.0 0.0 3.3306690738754696e-16
0.0 0.0 -6.938893903907228e-16
0.0 0.0 9.71445146547012e-16
0.0 0.0 -6.106226635438361e-16
0.0 0.0 1.6653345369377348e-16
0.0 0.0 -2.220446049250313e-16
0.0 0.0 -3.885780586188048e-15
0.0 0.0 -1.27675647831893e-15
0.0 0.0 1.27675647831893e-15
0.0 0.0 3.885780586188048e-16
0.0 0.0 7.771561172376096e-16
0.0 0.0 -5.551115123125783e-17
0.0 0.0 1.942890293094024e-16
0.0 0.0 0.0
0.0 0.0 -5.551115123125783e-17
0.0 0.0 3.885780586188048e-16
0.0 0.0 -3.7192471324942744e-15
0.0 0.0 -2.220446049250313e-16
0.0 0.0 -1.4432899320127035e-15
0.0 0.0 5.551115123125783e-16
0.0 0.0 -5.551115123125783e-16
0.0 0.0 -5.551115123125783e-16
0.0 0.0 -1.1102230246251565e-16
0.0 0.0 -8.881784197001252e-16
0.0 0.0 8.881784197001252e-16
0.0 0.0 3.885780586188048e-16
0.0 0.0 0.0
0.0 0.0 1.3877787807814457e-15
0.0 0.0 5.551115123125783e-17
0.0 0.0 -5.551115123125783e-17
0.0 0.0 -3.885780586188048e-16
0.0 0.0 1.1102230246251565e-16
0.0 0.0 -9.992007221626409e-16
0.0 0.0 5.551115123125783e-16
0.0 0.0 1.1102230246251565e-16
0.0 0.0 1.1102230246251565e-16
0.0 0.0 2.1649348980190553e-15
0.0 0.0 2.220446049250313e-16
0.0 0.0 -1.6653345369377348e-15
0.0 0.0 0.0
0.0 0.0 5.551115123125783e-17
0.0 0.0 -5.551115123125783e-17
0.0 0.0 1.609823385706477e-15
0.0 0.0 -6.106226635438361e-16
0.0 0.0 -5.551115123125783e-17
0.0 0.0 1.6653345369377348e-16
0.0 0.0 -1.6653345369377348e-15
0.0 0.0 7.216449660063518e-16
0.0 0.0 -6.106226635438361e-16
0.0 0.0 4.996003610813204e-16
0.0 0.0 0.0
0.0 0.0 -1.887379141862766e-15
0.0 0.0 1.6653345369377348e-16
0.0 0.0 2.7755575615628914e-16
0.0 0.0 5.551115123125783e-17
0.0 0.0 1.1102230246251565e-16
0.0 0.0 3.3306690738754696e-16
0.0 0.0 1.609823385706477e-15
0.0 0.0 -5.551115123125783e-17
0.0 0.0 0.0
0.0 0.0 -5.551115123125783e-17
0.0 0.0 -1.1102230246251565e-16
0.0 0.0 2.220446049250313e-16
0.0 0.0 2.7755575615628914e-16
0.0 0.0 1.6653345369377348e-16
0.0 0.0 -2.7755575615628914e-16
0.0 0.0 -1.887379141862766e-15
0.0 0.0 -2.7755575615628914e-15
0.0 0.0 5.551115123125783e-17
0.0 0.0 1.6653345369377348e-16
0.0 0.0 -1.6653345369377348e-16
0.0 0.0 -3.885780586188048e-16
0.0 0.0 -8.326672684688674e-16
0.0 0.0 1.6653345369377348e-16
0.0 0.0 1.1102230246251565e-16
0.0 0.0 -3.3306690738754696e-16
0.0 0.0 2.7200464103316335e-15
0.0 0.0 -1.1102230246251565e-16
0.0 0.0 5.551115123125783e-17
0.0 0.0 -1.1102230246251565e-16
0.0 0.0 -8.326672684688674e-16
0.0 0.0 1.6653345369377348e-16
0.0 0.0 1.6653345369377348e-16
0.0 0.0 -2.7755575615628914e-16
0.0 0.0 7.771561172376096e-16
0.0 0.0 -4.996003610813204e-16
0.0 0.0 4.6629367034256575e-15
0.0 0.0 2.7755575615628914e-16
0.0 0.0 3.885780586188048e-16
0.0 0.0 0.0
0.0 0.0 -3.885780586188048e-16
0.0 0.0 -1.6653345369377348e-16
0.0 0.0 9.43689570931383e-16
0.0 0.0 -3.3306690738754696e-16
0.0 0.0 -5.551115123125783e-17
0.0 0.0 -5.551115123125783e-17
0.0 0.0 1.8318679906315083e-15
0.0 0.0 1.942890293094024e-15
0.0 0.0 -5.551115123125783e-17
0.0 0.0 4.440892098500626e-16
0.0 0.0 -9.43689570931383e-16
0.0 0.0 -3.3306690738754696e-16
0.0 0.0 -3.885780586188048e-16
0.0 0.0 0.0
0.0 0.0 2.7755575615628914e-16
0.0 0.0 1.6653345369377348e-16
0.0 0.0 2.220446049250313e-16
0.0 0.0 -3.83026943495679e-15
0.0 0.0 6.661338147750939e-16
0.0 0.0 6.661338147750939e-16
0.0 0.0 -5.551115123125783e-17
0.0 0.0 1.6653345369377348e-16
0.0 0.0 8.881784197001252e-16
0.0 0.0 -7.771561172376096e-16
0.0 0.0 -3.3306690738754696e-16
0.0 0.0 5.551115123125783e-17
0.0 0.0 5.551115123125783e-17
0.0 0.0 -7.216449660063518e-16
0.0 0.0 1.6653345369377348e-15
0.0 0.0 -2.3869795029440866e-15
0.0 0.0 5.551115123125783e-17
0.0 0.0 0.0
0.0 0.0 3.885780586188048e-16
0.0 0.0 1.1102230246251565e-16
0.0 0.0 -1.1102230246251565e-16
0.0 0.0 -1.6653345369377348e-16
0.0 0.0 1.3322676295501878e-15
0.0 0.0 -4.440892098500626e-16
0.0 0.0 0.0
0.0 0.0 2.7755575615628914e-16
0.0 0.0 4.440892098500626e-16
0.0 0.0 -1.1102230246251565e-16
0.0 0.0 -5.551115123125783e-17
0.0 0.0 -1.6653345369377348e-16
0.0 0.0 -1.1102230246251565e-16
0.0 0.0 1.1102230246251565e-16
0.0 0.0 -9.992007221626409e-16
0.0 0.0 -1.1657341758564144e-15
0.0 0.0 1.1102230246251565e-16
0.0 0.0 -3.3306690738754696e-16
0.0 0.0 5.551115123125783e-17
0.0 0.0 -5.551115123125783e-17
0.0 0.0 0.0
0.0 0.0 3.3306690738754696e-16
0.0 0.0 -3.3306690738754696e-16
0.0 0.0 -2.220446049250313e-16
0.0 0.0 1.1102230246251565e-16
0.0 0.0 -8.326672684688674e-16
0.0 0.0 -5.551115123125783e-17
0.0 0.0 -1.6653345369377348e-16
0.0 0.0 9.43689570931383e-16
0.0 0.0 -5.551115123125783e-17
0.0 0.0 2.220446049250313e-16
0.0 0.0 6.661338147750939e-16
0.0 0.0 1.6653345369377348e-16
0.0 0.0 -1.1102230246251565e-16
0.0 0.0 2.55351295663786e-15
0.0 0.0 3.164135620181696e-15
0.0 0.0 -3.3306690738754696e-16
0.0 0.0 -2.220446049250313e-16
0.0 0.0 5.551115123125783e-16
0.0 0.0 1.6653345369377348e-16
0.0 0.0 3.3306690738754696e-16
0.0 0.0 -7.216449660063518e-16
0.0 0.0 -1.6653345369377348e-16
0.0 0.0 1.1102230246251565e-16
0.0 0.0 3.552713678800501e-15
0.0 0.0 -4.6074255521944e-15
0.0 0.0 7.216449660063518e-16
0.0 0.0 4.440892098500626e-16
0.0 0.0 -1.1102230246251565e-16
0.0 0.0 5.551115123125783e-17
0.0 0.0 2.220446049250313e-16
0.0 0.0 -4.440892098500626e-16
0.0 0.0 -1.1102230246251565e-16
0.0 0.0 1.0547118733938987e-15
0.0 0.0 1.6653345369377348e-16
0.0 0.0 2.7200464103316335e-15
0.0 0.0 0.0
0.0 0.0 1.6653345369377348e-16
0.0 0.0 4.440892098500626e-16
0.0 0.0 -1.1102230246251565e-16
0.0 0.0 4.440892098500626e-16
0.0 0.0 3.885780586188048e-16
0.0 0.0 1.6653345369377348e-16
0.0 0.0 1.1102230246251565e-16
0.0 0.0 -6.106226635438361e-16
0.0 0.0 1.1102230246251565e-15
0.0 0.0 2.7755575615628914e-16
0.0 0.0 1.0547118733938987e-15
0.0 0.0 -1.6653345369377348e-16
0.0 0.0 1.6653345369377348e-16
0.0 0.0 2.7755575615628914e-16
0.0 0.0 -1.1102230246251565e-16
0.0 0.0 -1.1102230246251565e-16
0.0 0.0 -2.1094237467877974e-15
0.0 0.0 5.551115123125783e-16
0.0 0.0 2.0539125955565396e-15
0.0 0.0 1.4432899320127035e-15
0.0 0.0 -3.3306690738754696e-16
0.0 0.0 2.7755575615628914e-16
0.0 0.0 3.3306690738754696e-16
0.0 0.0 1.6653345369377348e-16
0.0 0.0 -3.3306690738754696e-16
0.0 0.0 2.220446049250313e-16
0.0 0.0 -5.551115123125783e-17
0.0 0.0 -2.7200464103316335e-15
0.0 0.0 2.609024107869118e-15
0.0 0.0 -1.7208456881689926e-15
0.0 0.0 1.6653345369377348e-16
0.0 0.0 3.885780586188048e-16
0.0 0.0 0.0
0.0 0.0 -1.6653345369377348e-16
0.0 0.0 2.220446049250313e-16
0.0 0.0 -3.3306690738754696e-16
0.0 0.0 -2.220446049250313e-16
0.0 0.0 6.328271240363392e-15
0.0 0.0 1.1102230246251565e-15
0.0 0.0 -1.6653345369377348e-15
0.0 0.0 4.996003610813204e-16
0.0 0.0 -2.220446049250313e-16
0.0 0.0 7.216449660063518e-16
0.0 0.0 -4.996003610813204e-16
0.0 0.0 2.220446049250313e-16
0.0 0.0 -5.551115123125783e-17
0.0 0.0 2.220446049250313e-16
0.0 0.0 -1.1102230246251565e-15
0.0 0.0 -2.942091015256665e-15
0.0 0.0 -5.551115123125783e-17
0.0 0.0 5.551115123125783e-17
0.0 0.0 0.0
0.0 0.0 8.326672684688674e-16
0.0 0.0 -6.106226635438361e-16
0.0 0.0 4.440892098500626e-16
0.0 0.0 0.0
0.0 0.0 4.440892098500626e-16
0.0 0.0 -2.7755575615628914e-16
0.0 0.0 -7.216449660063518e-16
0.0 0.0 -1.6653345369377348e-16
0.0 0.0 3.885780586188048e-16
0.0 0.0 -1.1102230246251565e-16
0.0 0.0 3.885780586188048e-16
0.0 0.0 1.6653345369377348e-16
0.0 0.0 1.1102230246251565e-16
0.0 0.0 5.551115123125783e-17
0.0 0.0 3.3306690738754696e-16
0.0 0.0 1.1102230246251565e-15
0.0 0.0 -2.7755575615628914e-15
0.0 0.0 3.3306690738754696e-16
0.0 0.0 3.885780586188048e-16
0.0 0.0 -3.3306690738754696e-16
0.0 0.0 2.7755575615628914e-16
0.0 0.0 5.551115123125783e-17
0.0 0.0 -2.220446049250313e-16
0.0 0.0 7.216449660063518e-16
0.0 0.0 -1.1102230246251565e-15
0.0 0.0 1.6653345369377348e-16
0.0 0.0 -9.43689570931383e-16
0.0 0.0 -5.551115123125783e-17
0.0 0.0 -2.220446049250313e-16
0.0 0.0 1.1102230246251565e-16
0.0 0.0 6.661338147750939e-16
0.0 0.0 -2.220446049250313e-16
0.0 0.0 -5.551115123125783e-17
0.0 0.0 5.551115123125783e-17
0.0 0.0 5.551115123125783e-17
0.0 0.0 -2.7755575615628914e-16
0.0 0.0 -1.1102230246251565e-15
0.0 0.0 -1.1102230246251565e-16
0.0 0.0 6.106226635438361e-16
0.0 0.0 -5.551115123125783e-17
0.0 0.0 1.6653345369377348e-16
0.0 0.0 5.551115123125783e-17
0.0 0.0 4.440892098500626e-16
0.0 0.0 -4.440892098500626e-16
0.0 0.0 3.3306690738754696e-16
0.0 0.0 -1.8318679906315083e-15
0.0 0.0 -5.551115123125783e-17
0.0 0.0 -2.220446049250313e-16
0.0 0.0 0.0
0.0 0.0 5.551115123125783e-17
0.0 0.0 2.7755575615628914e-16
0.0 0.0 5.551115123125783e-17
0.0 0.0 -1.1102230246251565e-16
0.0 0.0 1.1102230246251565e-16
0.0 0.0 -6.661338147750939e-16
0.0 0.0 1.1657341758564144e-15
0.0 0.0 4.440892098500626e-16
0.0 0.0 0.0
0.0 0.0 3.3306690738754696e-16
0.0 0.0 2.220446049250313e-16
0.0 0.0 0.0
0.0 0.0 0.0
0.0 0.0 -5.551115123125783e-17
0.0 0.0 2.220446049250313e-16
0.0 0.0 0.0
0.0 0.0 -2.220446049250313e-16
0.0 0.0 -1.9984014443252818e-15
0.0 0.0 -1.1102230246251565e-16
0.0 0.0 -1.1102230246251565e-16
0.0 0.0 7.216449660063518e-16
0.0 0.0 1.1102230246251565e-16
0.0 0.0 -1.6653345369377348e-16
0.0 0.0 1.6653345369377348e-16
0.0 0.0 1.1102230246251565e-16
0.0 0.0 6.661338147750939e-16
0.0 0.0 3.3306690738754696e-16
0.0 0.0 1.9984014443252818e-15
0.0 0.0 -5.551115123125783e-16
0.0 0.0 -2.7755575615628914e-16
0.0 0.0 3.885780586188048e-16
0.0 0.0 2.7755575615628914e-16
0.0 0.0 2.220446049250313e-16
0.0 0.0 1.6653345369377348e-16
0.0 0.0 -4.996003610813204e-16
0.0 0.0 0.0
0.0 0.0 -1.2212453270876722e-15
0.0 0.0 3.3306690738754696e-16
0.0 0.0 2.220446049250313e-16
0.0 0.0 0.0
0.0 0.0 1.6653345369377348e-16
0.0 0.0 3.3306690738754696e-16
0.0 0.0 -1.1102230246251565e-16
0.0 0.0 5.551115123125783e-17
0.0 0.0 -3.885780586188048e-16
0.0 0.0 4.440892098500626e-16
0.0 0.0 1.887379141862766e-15
0.0 0.0 6.661338147750939e-16
0.0 0.0 -5.551115123125783e-16
0.0 0.0 5.551115123125783e-17
0.0 0.0 2.220446049250313e-16
0.0 0.0 -2.220446049250313e-16
0.0 0.0 -1.1102230246251565e-16
0.0 0.0 5.551115123125783e-16
0.0 0.0 -7.216449660063518e-16
0.0 0.0 4.440892098500626e-16
0.0 0.0 -6.661338147750939e-16
0.0 0.0 7.771561172376096e-16
0.0 0.0 6.661338147750939e-16
0.0 0.0 -7.771561172376096e-16
0.0 0.0 1.1102230246251565e-16
0.0 0.0 0.0
0.0 0.0 -4.440892098500626e-16
0.0 0.0 5.551115123125783e-16
0.0 0.0 -3.885780586188048e-16
0.0 0.0 0.0
0.0 0.0 1.6653345369377348e-15
0.0 0.0 -3.3306690738754696e-16
0.0 0.0 2.220446049250313e-16
0.0 0.0 3.885780586188048e-16
0.0 0.0 -5.551115123125783e-16
0.0 0.0 4.440892098500626e-16
0.0 0.0 -5.551115123125783e-16
0.0 0.0 3.3306690738754696e-16
0.0 0.0 3.3306690738754696e-16
0.0 0.0 -1.1102230246251565e-16
0.0 0.0 -9.992007221626409e-16
0.0 0.0 -1.9984014443252818e-15
0.0 0.0 0.0
0.0 0.0 0.0
0.0 0.0 2.220446049250313e-16
0.0 0.0 2.220446049250313e-16
0.0 0.0 -2.220446049250313e-16
0.0 0.0 1.1102230246251565e-16
0.0 0.0 -2.7755575615628914e-16
0.0 0.0 3.3306690738754696e-16
0.0 0.0 -1.1102230246251565e-16
0.0 0.0 2.4424906541753444e-15
0.0 0.0 -5.551115123125783e-16
0.0 0.0 1.1102230246251565e-16
0.0 0.0 0.0
0.0 0.0 1.1102230246251565e-16
0.0 0.0 -4.440892098500626e-16
0.0 0.0 4.440892098500626e-16
0.0 0.0 -3.3306690738754696e-16
0.0 0.0 -1.1102230246251565e-16
0.0 0.0 -2.220446049250313e-16
0.0 0.0 5.551115123125783e-16
0.0 0.0 2.220446049250313e-16
0.0 0.0 -2.220446049250313e-16
0.0 0.0 -1.1102230246251565e-16
0.0 0.0 3.3306690738754696e-16
0.0 0.0 -2.220446049250313e-16
0.0 0.0 -2.220446049250313e-16
0.0 0.0 3.3306690738754696e-16
0.0 0.0 6.661338147750939e-16
0.0 0.0 -1.4432899320127035e-15
0.0 0.0 -7.216449660063518e-16
0.0 0.0 -5.551115123125783e-17
0.0 0.0 -2.220446049250313e-16
0.0 0.0 2.220446049250313e-16
0.0 0.0 0.0
0.0 0.0 -3.3306690738754696e-16
0.0 0.0 2.220446049250313e-16
0.0 0.0 2.220446049250313e-16
0.0 0.0 1.1102230246251565e-16
0.0 0.0 -2.220446049250313e-16
0.0 0.0 -1.8318679906315083e-15
0.0 0.0 2.220446049250313e-16
0.0 0.0 1.1102230246251565e-16
0.0 0.0 1.1102230246251565e-16
0.0 0.0 -1.1102230246251565e-16
0.0 0.0 2.220446049250313e-16
0.0 0.0 1.1102230246251565e-16
0.0 0.0 6.661338147750939e-16
0.0 0.0 -3.885780586188048e-16
0.0 0.0 -1.6653345369377348e-16
0.0 0.0 -1.1102230246251565e-16
0.0 0.0 1.1102230246251565e-16
0.0 0.0 0.0
0.0 0.0 -1.1102230246251565e-16
0.0 0.0 -1.1102230246251565e-16
0.0 0.0 3.3306690738754696e-16
0.0 0.0 -1.1102230246251565e-16
0.0 0.0 3.3306690738754696e-16
0.0 0.0 0.0
0.0 0.0 -1.8318679906315083e-15
0.0 0.0 -2.7755575615628914e-16
0.0 0.0 -3.3306690738754696e-16
0.0 0.0 0.0
0.0 0.0 -3.3306690738754696e-16
0.0 0.0 2.220446049250313e-16
0.0 0.0 5.551115123125783e-16
0.0 0.0 -4.440892098500626e-16
0.0 0.0 3.3306690738754696e-16
0.0 0.0 -3.3306690738754696e-16
0.0 0.0 -2.4980018054066022e-15
0.0 0.0 -6.106226635438361e-16
0.0 0.0 4.440892098500626e-16
0.0 0.0 -3.3306690738754696e-16
0.0 0.0 4.440892098500626e-16
0.0 0.0 -2.220446049250313e-16
0.0 0.0 3.3306690738754696e-16
0.0 0.0 -1.1102230246251565e-16
0.0 0.0 1.1102230246251565e-16
0.0 0.0 5.551115123125783e-16
0.0 0.0 -1.0547118733938987e-15
0.0 0.0 -3.3306690738754696e-16
0.0 0.0 -3.885780586188048e-16
0.0 0.0 5.551115123125783e-16
0.0 0.0 -7.771561172376096e-16
0.0 0.0 4.440892098500626e-16
0.0 0.0 1.1102230246251565e-16
0.0 0.0 1.1102230246251565e-16
0.0 0.0 3.3306690738754696e-16
0.0 0.0 -7.216449660063518e-16
0.0 0.0 1.1657341758564144e-15
0.0 0.0 9.43689570931383e-16
0.0 0.0 -5.551115123125783e-16
0.0 0.0 1.1102230246251565e-16
0.0 0.0 0.0
0.0 0.0 0.0
0.0 0.0 3.3306690738754696e-16
0.0 0.0 -1.1102230246251565e-16
0.0 0.0 1.1102230246251565e-16
0.0 0.0 -2.220446049250313e-16
0.0 0.0 -4.440892098500626e-16
0.0 0.0 2.7200464103316335e-15
0.0 0.0 -4.996003610813204e-16
0.0 0.0 -1.1102230246251565e-16
0.0 0.0 -1.1102230246251565e-16
0.0 0.0 0.0
0.0 0.0 6.661338147750939e-16
0.0 0.0 -2.220446049250313e-16
0.0 0.0 2.220446049250313e-16
0.0 0.0 -1.1102230246251565e-16
0.0 0.0 1.6653345369377348e-16
0.0 0.0 -4.996003610813204e-16
0.0 0.0 0.0
0.0 0.0 0.0
0.0 0.0 -5.551115123125783e-16
0.0 0.0 5.551115123125783e-16
0.0 0.0 0.0
0.0 0.0 2.220446049250313e-16
0.0 0.0 0.0
0.0 0.0 2.220446049250313e-16
0.0 0.0 -3.3306690738754696e-16
0.0 0.0 -1.6653345369377348e-16
0.0 0.0 -2.220446049250313e-16
0.0 0.0 -2.220446049250313e-16
0.0 0.0 2.220446049250313e-16
0.0 0.0 -1.1102230246251565e-16
0.0 0.0 5.551115123125783e-16
0.0 0.0 0.0
0.0 0.0 -2.220446049250313e-16
0.0 0.0 6.661338147750939e-16
0.0 0.0 -6.106226635438361e-16
0.0 0.0 0.0
0.0 0.0 6.661338147750939e-16
0.0 0.0 -1.1102230246251565e-16
0.0 0.0 -2.220446049250313e-16
0.0 0.0 0.0
0.0 0.0 1.1102230246251565e-16
0.0 0.0 4.440892098500626e-16
0.0 0.0 0.0
0.0 0.0 -1.1102230246251565e-16
0.0 0.0 -2.1094237467877974e-15
0.0 0.0 1.2212453270876722e-15
0.0 0.0 -1.1102230246251565e-16
0.0 0.0 -3.3306690738754696e-16
0.0 0.0 -3.3306690738754696e-16
0.0 0.0 3.3306690738754696e-16
0.0 0.0 2.220446049250313e-16
0.0 0.0 1.1102230246251565e-16
0.0 0.0 3.3306690738754696e-16
0.0 0.0 -5.551115123125783e-16
0.0 0.0 2.7755575615628914e-15
0.0 0.0 8.881784197001252e-16
0.0 0.0 4.440892098500626e-16
0.0 0.0 -6.661338147750939e-16
0.0 0.0 1.1102230246251565e-16
0.0 0.0 -3.3306690738754696e-16
0.0 0.0 7.771561172376096e-16
0.0 0.0 2.220446049250313e-16
0.0 0.0 -1.1102230246251565e-16
0.0 0.0 3.3306690738754696e-16
0.0 0.0 -1.6653345369377348e-15
0.0 0.0 1.5543122344752192e-15
0.0 0.0 -6.661338147750939e-16
0.0 0.0 1.1102230246251565e-16
0.0 0.0 2.220446049250313e-16
0.0 0.0 -3.3306690738754696e-16
0.0 0.0 5.551115123125783e-16
0.0 0.0 -2.220446049250313e-16
0.0 0.0 3.3306690738754696e-16
0.0 0.0 2.220446049250313e-16
0.0 0.0 -1.9984014443252818e-15
0.0 0.0 -6.661338147750939e-16
0.0 0.0 1.1102230246251565e-16
0.0 0.0 -5.551115123125783e-17
0.0 0.0 1.1102230246251565e-16
0.0 0.0 -2.220446049250313e-16
0.0 0.0 2.220446049250313e-16
0.0 0.0 3.3306690738754696e-16
0.0 0.0 0.0
0.0 0.0 1.1102230246251565e-16
0.0 0.0 -5.551115123125783e-16
0.0 0.0 3.3306690738754696e-16
0.0 0.0 -6.661338147750939e-16
0.0 0.0 4.440892098500626e-16
0.0 0.0 -5.551115123125783e-16
0.0 0.0 6.661338147750939e-16
0.0 0.0 -1.1102230246251565e-16
0.0 0.0 1.1102230246251565e-16
0.0 0.0 1.6653345369377348e-16
0.0 0.0 0.0
0.0 0.0 -7.771561172376096e-16
0.0 0.0 -1.1102230246251565e-16
0.0 0.0 0.0
0.0 0.0 1.1102230246251565e-16
0.0 0.0 -4.440892098500626e-16
0.0 0.0 4.440892098500626e-16
0.0 0.0 0.0
0.0 0.0 2.220446049250313e-16
0.0 0.0 4.440892098500626e-16
0.0 0.0 -1.1102230246251565e-16
0.0 0.0 3.3306690738754696e-16
0.0 0.0 2.220446049250313e-16
0.0 0.0 2.220446049250313e-16
0.0 0.0 -3.3306690738754696e-16
0.0 0.0 2.220446049250313e-16
0.0 0.0 -2.220446049250313e-16
0.0 0.0 3.3306690738754696e-16
0.0 0.0 -1.1102230246251565e-16
0.0 0.0 4.440892098500626e-16
0.0 0.0 0.0
0.0 0.0 -2.220446049250313e-16
0.0 0.0 7.771561172376096e-16
0.0 0.0 4.440892098500626e-16
0.0 0.0 2.220446049250313e-16
0.0 0.0 -2.220446049250313e-16
0.0 0.0 4.440892098500626e-16
0.0 0.0 -1.1102230246251565e-16
0.0 0.0 0.0
0.0 0.0 2.220446049250313e-16
0.0 0.0 4.440892098500626e-16
0.0 0.0 -1.4432899320127035e-15
0.0 0.0 4.440892098500626e-16
0.0 0.0 -4.440892098500626e-16
0.0 0.0 0.0
0.0 0.0 2.220446049250313e-16
0.0 0.0 -3.3306690738754696e-16
0.0 0.0 -5.551115123125783e-16
0.0 0.0 3.3306690738754696e-16
0.0 0.0 5.551115123125783e-16
0.0 0.0 -5.551115123125783e-16
0.0 0.0 6.661338147750939e-16
0.0 0.0 -4.440892098500626e-16
0.0 0.0 1.1102230246251565e-16
0.0 0.0 -2.220446049250313e-16
0.0 0.0 1.1102230246251565e-16
0.0 0.0 1.1102230246251565e-16
0.0 0.0 -2.220446049250313e-16
0.0 0.0 2.220446049250313e-16
0.0 0.0 1.1102230246251565e-16
0.0 0.0 4.440892098500626e-16
0.0 0.0 8.881784197001252e-16
0.0 0.0 3.3306690738754696e-16
0.0 0.0 -1.1102230246251565e-16
0.0 0.0 -4.440892098500626e-16
0.0 0.0 2.220446049250313e-16
0.0 0.0 1.1102230246251565e-16
0.0 0.0 -2.220446049250313e-16
0.0 0.0 5.551115123125783e-16
0.0 0.0 2.220446049250313e-16
0.0 0.0 5.551115123125783e-16
0.0 0.0 2.220446049250313e-16
0.0 0.0 6.661338147750939e-16
0.0 0.0 -3.3306690738754696e-16
0.0 0.0 -1.1102230246251565e-16
0.0 0.0 6.661338147750939e-16
0.0 0.0 -6.661338147750939e-16
0.0 0.0 7.771561172376096e-16
0.0 0.0 -5.551115123125783e-16
0.0 0.0 7.771561172376096e-16
0.0 0.0 3.3306690738754696e-16
0.0 0.0 1.1102230246251565e-16
0.0 0.0 -8.881784197001252e-16
0.0 0.0 1.1102230246251565e-16
0.0 0.0 -4.440892098500626e-16
0.0 0.0 3.3306690738754696e-16
0.0 0.0 3.3306690738754696e-16
0.0 0.0 -5.551115123125783e-16
0.0 0.0 6.661338147750939e-16
0.0 0.0 1.1102230246251565e-16
0.0 0.0 4.440892098500626e-16
0.0 0.0 3.3306690738754696e-16
0.0 0.0 6.661338147750939e-16
0.0 0.0 -6.661338147750939e-16
0.0 0.0 1.1102230246251565e-16
0.0 0.0 2.220446049250313e-16
0.0 0.0 -1.1102230246251565e-16
0.0 0.0 2.220446049250313e-16
0.0 0.0 -3.3306690738754696e-16
0.0 0.0 4.440892098500626e-16
0.0 0.0 4.440892098500626e-16
0.0 0.0 3.3306690738754696e-16
0.0 0.0 -4.440892098500626e-16
0.0 0.0 6.661338147750939e-16
0.0 0.0 0.0
0.0 0.0 0.0
0.0 0.0 5.551115123125783e-17
0.0 0.0 1.1102230246251565e-16
0.0 0.0 0.0
0.0 0.0 0.0
0.0 0.0 6.661338147750939e-16
0.0 0.0 1.1102230246251565e-16
0.0 0.0 7.771561172376096e-16
0.0 0.0 -6.661338147750939e-16
0.0 0.0 3.3306690738754696e-16
0.0 0.0 1.1102230246251565e-16
0.0 0.0 -4.440892098500626e-16
0.0 0.0 4.440892098500626e-16
0.0 0.0 3.3306690738754696e-16
0.0 0.0 -1.1102230246251565e-16
0.0 0.0 6.661338147750939e-16
0.0 0.0 2.220446049250313e-16
